# 3dvolreg matrices (DICOM-to-DICOM, row-by-row):
            1             0             0            -0             0             1             0            -0             0             0             1            -0
            1   0.000432359  -0.000205128    -0.0225599  -0.000432893      0.999996   -0.00261211     -0.067032   0.000203998     0.0026122      0.999997     -0.265679
            1   0.000312646   -0.00020371    -0.0161148  -0.000313203      0.999996   -0.00274186     -0.059834   0.000202852    0.00274192      0.999996     -0.274903
            1    0.00024963  -0.000259349    -0.0193327   -0.00025053      0.999994   -0.00347521    -0.0932028    0.00025848    0.00347527      0.999994     -0.325355
            1   0.000263995   -0.00014726   -0.00994049  -0.000264437      0.999995   -0.00301011     -0.066041   0.000146464    0.00301014      0.999995     -0.290441
            1   0.000317658  -0.000176598    -0.0161849  -0.000318252      0.999994   -0.00337315    -0.0937995   0.000175525    0.00337321      0.999994     -0.329468
            1   0.000234536  -0.000137911   -0.00871351  -0.000234962      0.999995   -0.00310352    -0.0716533   0.000137182    0.00310356      0.999995     -0.301516
            1   0.000198255  -0.000238695    -0.0150085   -0.00019899      0.999995   -0.00308493     -0.082103   0.000238082    0.00308498      0.999995     -0.300826
            1   0.000300184  -9.41595e-05    -0.0118535  -0.000300475      0.999995   -0.00311482    -0.0838666    9.3224e-05    0.00311485      0.999995     -0.314879
            1   0.000186426  -0.000206537    -0.0151104  -0.000187035      0.999996   -0.00295415    -0.0727028   0.000205986    0.00295419      0.999996     -0.277806
            1   0.000260278  -0.000182225    -0.0060055  -0.000260685      0.999997   -0.00223698    -0.0412642   0.000181642    0.00223703      0.999997     -0.229238
            1   0.000421605   -7.6396e-05   -0.00667287  -0.000421852      0.999995    -0.0032678     -0.090916   7.50178e-05    0.00326783      0.999995     -0.356664
            1   0.000112157  -0.000279587    -0.0137812  -0.000112992      0.999996   -0.00299088    -0.0612018   0.000279251    0.00299092      0.999995      -0.30719
            1   0.000194663  -0.000289484   -0.00838352  -0.000195844      0.999992   -0.00408448     -0.111386   0.000288686    0.00408454      0.999992      -0.41125
            1   1.08481e-05  -0.000651276   -0.00947736  -1.44528e-05      0.999985    -0.0055351     -0.178404   0.000651206    0.00553511      0.999984     -0.532221
            1   0.000298538  -0.000882865   -0.00676457  -0.000304063       0.99998   -0.00626512     -0.240015   0.000880977    0.00626539       0.99998     -0.578892
            1   0.000166483   -0.00064385    -0.0072421  -0.000170247      0.999983   -0.00584981     -0.216502   0.000642866    0.00584992      0.999983     -0.512853
            1   0.000157335  -0.000706335    -0.0199938  -0.000160498       0.99999   -0.00447928      -0.13135   0.000705623    0.00447939       0.99999     -0.392232
            1   8.85791e-05  -0.000861691    -0.0274959  -9.23782e-05       0.99999    -0.0044098     -0.142223   0.000861292    0.00440987       0.99999     -0.370828
            1   0.000313508   -0.00071341    -0.0180211  -0.000317074      0.999987   -0.00500443     -0.157452   0.000711832    0.00500466      0.999987     -0.427272
            1    5.6993e-05  -0.000826436    -0.0186784  -6.16149e-05      0.999984   -0.00559355     -0.195954   0.000826105     0.0055936      0.999984      -0.45698
            1   0.000176988  -0.000780726    -0.0213762  -0.000181369      0.999984   -0.00561558      -0.18284    0.00077972    0.00561572      0.999984     -0.458055
            1   1.56493e-05  -0.000824125    -0.0202883   -2.0554e-05      0.999982   -0.00595173     -0.199084   0.000824018    0.00595174      0.999982     -0.474951
            1  -4.59008e-05  -0.000602914    -0.0132611   4.23058e-05      0.999982   -0.00596136     -0.188377   0.000603177    0.00596133      0.999982     -0.460936
            1  -4.75637e-05  -0.000599332    -0.0150834   4.36556e-05      0.999979   -0.00651914     -0.210893    0.00059963    0.00651912      0.999979     -0.464889
            1   3.48576e-06  -0.000831805    -0.0226347  -7.68314e-06      0.999987   -0.00504616     -0.151161   0.000831777    0.00504616      0.999987     -0.383387
            1  -1.66448e-05  -0.000850211    -0.0289269   1.30202e-05      0.999991   -0.00426307     -0.153513   0.000850274    0.00426306      0.999991     -0.357699
            1   0.000120475  -0.000570023    -0.0275911  -0.000123148      0.999989   -0.00469166     -0.158101   0.000569452    0.00469173      0.999989     -0.367892
            1  -0.000112025  -0.000695721    -0.0392514   0.000108988       0.99999   -0.00436341     -0.153776   0.000696203    0.00436333       0.99999     -0.353204
            1   4.76907e-05  -0.000588585     -0.026464  -5.05704e-05      0.999988   -0.00489354     -0.172646   0.000588345    0.00489357      0.999988     -0.420379
            1  -0.000189202  -0.000754333    -0.0162912   0.000185048      0.999985    -0.0055028     -0.206713   0.000755362    0.00550266      0.999985      -0.46961
            1  -0.000268313  -0.000862559   -0.00873797   0.000263417      0.999984   -0.00567062     -0.216846   0.000864067    0.00567039      0.999984     -0.496953
     0.999999   -0.00050008    -0.0008936    -0.0186181   0.000495107      0.999984   -0.00555641     -0.214733   0.000896365    0.00555596      0.999984     -0.448559
     0.999999  -0.000373966  -0.000978854     -0.027717    0.00036942      0.999989   -0.00464032     -0.163764   0.000980578    0.00463996      0.999989     -0.379825
     0.999999  -0.000440976     -0.001113    -0.0325884   0.000435987       0.99999   -0.00447914     -0.170928    0.00111497    0.00447865      0.999989     -0.369437
            1  -0.000360375  -0.000922662    -0.0303866   0.000356188       0.99999   -0.00453407     -0.164521   0.000924287    0.00453374      0.999989     -0.361596
     0.999999  -0.000377309   -0.00103598    -0.0451048   0.000372696       0.99999   -0.00444981     -0.172084    0.00103765    0.00444942       0.99999     -0.358005
            1  -0.000178566  -0.000889895    -0.0374121    0.00017449       0.99999   -0.00457877     -0.169713   0.000890703    0.00457861      0.999989     -0.364524
     0.999999  -0.000320639   -0.00111731    -0.0472647   0.000315565       0.99999   -0.00453866     -0.175544    0.00111876    0.00453831      0.999989     -0.360955
            1  -0.000129661  -0.000918883    -0.0414691   0.000125675      0.999991   -0.00433576      -0.14708   0.000919436    0.00433564       0.99999     -0.345402
            1  -0.000335679  -0.000919923    -0.0432506   0.000331254      0.999988    -0.0048063     -0.187968   0.000921526    0.00480599      0.999988      -0.37403
            1  -0.000380785  -0.000740093    -0.0203942    0.00037808      0.999993   -0.00365233     -0.130257   0.000741479    0.00365205      0.999993     -0.290065
            1  -0.000178866  -0.000757121    -0.0265691   0.000176001      0.999993   -0.00378363     -0.153713   0.000757793     0.0037835      0.999993     -0.335951
            1  -0.000284813   -0.00091831    -0.0425037   0.000281562      0.999994   -0.00353783     -0.142807   0.000919312    0.00353757      0.999993     -0.304593
            1  -0.000225235  -0.000826573    -0.0385235   0.000221912      0.999992   -0.00401713     -0.164012   0.000827472    0.00401695      0.999992     -0.350109
            1  -0.000261234  -0.000872537    -0.0542557   0.000257959      0.999993   -0.00375224     -0.146624   0.000873511    0.00375201      0.999993     -0.314161
            1  -0.000185882  -0.000830787    -0.0488831   0.000182433      0.999991   -0.00414929     -0.170463   0.000831551    0.00414913      0.999991     -0.365612
            1  -0.000248163  -0.000923473    -0.0546336   0.000244118       0.99999   -0.00437712     -0.167882    0.00092455     0.0043769       0.99999     -0.348929
            1  -0.000104148  -0.000900494    -0.0513756    9.9869e-05      0.999989   -0.00475047     -0.176124   0.000900978    0.00475038      0.999988     -0.363197
            1    -0.0001997  -0.000962513    -0.0465498   0.000194979      0.999988   -0.00490306     -0.184934   0.000963481    0.00490287      0.999988     -0.356798
     0.999999  -6.62166e-05   -0.00100021     -0.044956   6.14682e-05      0.999989   -0.00474666     -0.186631    0.00100051    0.00474659      0.999988     -0.347396
            1  -0.000104815  -0.000972343     -0.051914   0.000100234      0.999989   -0.00470922     -0.181486   0.000972826    0.00470912      0.999988      -0.32732
            1  -5.36448e-06  -0.000933921    -0.0455569    8.9301e-07      0.999989   -0.00478778     -0.178619   0.000933936    0.00478777      0.999988     -0.341317
            1  -0.000217084  -0.000891476    -0.0401942   0.000213057       0.99999   -0.00451509     -0.167438   0.000892447     0.0045149      0.999989     -0.317082
            1   2.69778e-05  -0.000763487    -0.0375283  -3.04379e-05       0.99999   -0.00453225     -0.165138   0.000763357    0.00453228      0.999989     -0.338345
            1  -5.89272e-05  -0.000800003    -0.0397307   5.52473e-05      0.999989   -0.00459919     -0.170014   0.000800266    0.00459914      0.999989     -0.306406
            1   4.84841e-05  -0.000722432     -0.041601  -5.19222e-05      0.999989   -0.00475978     -0.181272   0.000722193    0.00475982      0.999988     -0.330686
            1   7.87379e-05  -0.000747129    -0.0411554  -8.21844e-05      0.999989   -0.00461408     -0.171273   0.000746758    0.00461414      0.999989     -0.311726
            1   2.03984e-05  -0.000767942    -0.0376592   -2.4033e-05      0.999989   -0.00473323      -0.17771   0.000767837    0.00473325      0.999989     -0.333847
            1    3.6155e-05  -0.000798583    -0.0463292  -4.00263e-05      0.999988   -0.00484827     -0.183441   0.000798399     0.0048483      0.999988     -0.337993
            1  -3.74937e-05  -0.000684041    -0.0419574   3.38953e-05      0.999986   -0.00525977     -0.199597   0.000684229    0.00525974      0.999986     -0.358387
            1  -3.75515e-05  -0.000879431    -0.0505365   3.32142e-05      0.999988   -0.00493151      -0.18982   0.000879605    0.00493148      0.999987     -0.340611
            1    5.4414e-05  -0.000774062    -0.0429208   -5.8768e-05      0.999984   -0.00562592     -0.208972   0.000773743    0.00562596      0.999984     -0.391851
            1  -2.92866e-05      -0.00077    -0.0483574   2.49154e-05      0.999984   -0.00567625     -0.214721   0.000770153    0.00567623      0.999984     -0.369804
            1   9.47143e-05  -0.000633357     -0.043369  -9.83372e-05      0.999984   -0.00572259     -0.221079   0.000632805    0.00572265      0.999983     -0.380097
            1   4.69648e-05  -0.000595104    -0.0460626   -5.0591e-05      0.999981   -0.00609479      -0.23756   0.000594807    0.00609482      0.999981     -0.375886
            1   0.000338534  -0.000710717     -0.031601  -0.000342489      0.999984   -0.00557184     -0.200743   0.000708819    0.00557208      0.999984     -0.310409
            1   0.000376646  -0.000572054    -0.0380629  -0.000380184      0.999981   -0.00619634     -0.248294   0.000569709    0.00619655      0.999981     -0.373062
            1   0.000205377  -0.000670719    -0.0446143  -0.000209262      0.999983   -0.00579762     -0.220081   0.000669517    0.00579776      0.999983     -0.342344
            1   0.000236049  -0.000639455    -0.0426461  -0.000240187      0.999979   -0.00647874     -0.248552   0.000637913    0.00647889      0.999979     -0.399676
            1   0.000101981  -0.000867352    -0.0419256  -0.000108033      0.999976   -0.00698019     -0.284552   0.000866619    0.00698028      0.999975     -0.429165
            1   0.000180486  -0.000713367    -0.0379168  -0.000184893      0.999981   -0.00618153     -0.249749   0.000712238    0.00618166      0.999981     -0.377392
            1   8.41535e-05  -0.000738662    -0.0358444  -8.88388e-05       0.99998   -0.00634515       -0.2751   0.000738113    0.00634522       0.99998     -0.417944
            1   8.51839e-05  -0.000859737    -0.0409538  -9.02695e-05      0.999982   -0.00591699     -0.241522   0.000859218    0.00591706      0.999982     -0.351815
            1    0.00018893  -0.000892966    -0.0413835  -0.000194584       0.99998   -0.00633524     -0.268624   0.000891751    0.00633541       0.99998     -0.389709
            1   0.000147974  -0.000870542    -0.0425472  -0.000153037      0.999983   -0.00581883     -0.234647   0.000869666    0.00581896      0.999983     -0.341753
            1   0.000166374  -0.000775366     -0.044677  -0.000171206      0.999981    -0.0062365      -0.26278   0.000774313    0.00623663       0.99998      -0.37821
            1   0.000204968  -0.000867158    -0.0463233  -0.000209901      0.999984   -0.00569322     -0.228426   0.000865977     0.0056934      0.999983     -0.337258
            1   0.000146722  -0.000838548    -0.0409921  -0.000151804      0.999982   -0.00606362     -0.256473   0.000837643    0.00606374      0.999981     -0.364852
     0.999999   0.000180467   -0.00101822    -0.0476962  -0.000186205      0.999984   -0.00563773     -0.223067    0.00101718    0.00563791      0.999984     -0.332741
            1   0.000246662  -0.000826235    -0.0431935  -0.000251685      0.999981    -0.0060849     -0.250233   0.000824719    0.00608511      0.999981     -0.368572
            1    0.00028201  -0.000923442    -0.0549142  -0.000287407      0.999983   -0.00584972     -0.230308   0.000921776    0.00584998      0.999982     -0.335018
            1   0.000297059  -0.000792687    -0.0523292  -0.000301871      0.999981   -0.00607676     -0.256268   0.000790867      0.006077      0.999981     -0.374833
            1   0.000221674  -0.000882196    -0.0553833  -0.000226729      0.999984   -0.00573384     -0.229966   0.000880911    0.00573403      0.999983     -0.322694
            1   0.000287823  -0.000748823    -0.0566407  -0.000292437      0.999981   -0.00616941     -0.258647   0.000747033    0.00616963      0.999981     -0.375073
            1   0.000296589  -0.000817228    -0.0561258  -0.000301253      0.999984   -0.00571278     -0.229774    0.00081552    0.00571302      0.999983     -0.339385
            1   0.000339038  -0.000777662    -0.0541987  -0.000343724      0.999982   -0.00603331     -0.253391   0.000775603    0.00603357      0.999981     -0.374022
            1   0.000354473  -0.000917128    -0.0543106  -0.000360215       0.99998   -0.00626848      -0.25839   0.000914888    0.00626881       0.99998     -0.371465
            1   0.000319706  -0.000838124    -0.0588067  -0.000324879      0.999981   -0.00617937     -0.258671   0.000836133    0.00617964      0.999981     -0.351935
            1   0.000268382  -0.000901619    -0.0599852  -0.000273896      0.999981   -0.00612044     -0.265515   0.000899959    0.00612069      0.999981     -0.345956
            1   0.000411684  -0.000703991    -0.0463494  -0.000415829      0.999983   -0.00589811     -0.251983   0.000701551     0.0058984      0.999982     -0.341962
            1   0.000220304  -0.000808362    -0.0570175  -0.000225169      0.999982   -0.00602348     -0.267152   0.000807021    0.00602366      0.999982     -0.340299
            1   0.000227653  -0.000645263    -0.0527333   -0.00023125      0.999984   -0.00557997     -0.248097   0.000643983    0.00558011      0.999984      -0.34663
            1   0.000139233  -0.000835637    -0.0668409  -0.000144051      0.999983   -0.00576845     -0.264218    0.00083482    0.00576857      0.999983     -0.345556
            1   0.000297435  -0.000802437    -0.0630863  -0.000301519      0.999987    -0.0050945     -0.235607   0.000800911    0.00509474      0.999987      -0.33281
            1   0.000180481  -0.000759724    -0.0624486  -0.000185031      0.999982   -0.00599392     -0.277885   0.000758629    0.00599406      0.999982     -0.364492
            1   0.000298089  -0.000824196    -0.0645832  -0.000302898      0.999983   -0.00584051     -0.260231   0.000822441    0.00584075      0.999983     -0.338171
            1   0.000382055  -0.000813398    -0.0617587  -0.000387277      0.999979   -0.00642926     -0.284244   0.000810925    0.00642957      0.999979     -0.368285
            1   0.000341134   -0.00080768    -0.0509413  -0.000345764      0.999983   -0.00573877     -0.253129   0.000805709    0.00573905      0.999983     -0.321982
     0.999999   0.000374977  -0.000984002    -0.0672778  -0.000380774      0.999983   -0.00589844     -0.271199   0.000981773    0.00589882      0.999982     -0.344003
     0.999999    0.00060253    -0.0008988    -0.0563105  -0.000607108      0.999987   -0.00510181     -0.227385   0.000895714    0.00510235      0.999987     -0.293677
            1   8.11359e-05  -0.000851101    -0.0683284  -8.61604e-05      0.999983   -0.00590517     -0.280739   0.000850607    0.00590524      0.999982     -0.368001
     0.999999  -0.000132167  -0.000999775    -0.0857712   0.000126131      0.999982   -0.00603547     -0.284177    0.00100055    0.00603534      0.999981     -0.368559
            1  -0.000165245   -0.00092488    -0.0687473   0.000159346       0.99998   -0.00637417     -0.298538   0.000925915    0.00637402      0.999979     -0.408923
     0.999999  -0.000344426   -0.00094238      -0.07156   0.000338127      0.999978   -0.00667639     -0.318247   0.000944659    0.00667607      0.999977     -0.397006
            1  -0.000211042  -0.000740679    -0.0676912   0.000206304       0.99998   -0.00639095     -0.304915   0.000742013    0.00639079      0.999979     -0.389683
            1  -0.000188162  -0.000918885    -0.0698827   0.000182157      0.999979   -0.00653084     -0.313578   0.000920094    0.00653067      0.999978     -0.377193
            1  -1.60251e-05  -0.000675971    -0.0651561   1.18036e-05      0.999981    -0.0062447     -0.294018   0.000676058    0.00624469       0.99998     -0.369159
            1   6.61668e-06  -0.000728236    -0.0777349  -1.13418e-05      0.999979   -0.00648858     -0.307596   0.000728178    0.00648859      0.999979     -0.385824
            1  -4.57375e-05  -0.000758864     -0.068703    4.0768e-05      0.999979    -0.0065473     -0.302959   0.000759147    0.00654727      0.999978     -0.401734
            1   -0.00024933  -0.000791761    -0.0639704   0.000243979      0.999977   -0.00675071     -0.322517   0.000793426    0.00675051      0.999977     -0.415968
            1  -5.70923e-05  -0.000511537    -0.0538832   5.37429e-05      0.999979   -0.00654535     -0.308699     0.0005119    0.00654532      0.999978     -0.415042
            1   -0.00023085  -0.000580362    -0.0463082   0.000226619      0.999973   -0.00728078     -0.348975   0.000582027    0.00728065      0.999973     -0.452796
            1   -5.0102e-05  -0.000442947     -0.052955   4.71678e-05      0.999978   -0.00662184     -0.321855   0.000443269    0.00662182      0.999978     -0.412634
            1  -2.73447e-05  -0.000529697    -0.0549827   2.36844e-05      0.999976   -0.00690906     -0.346587   0.000529873    0.00690904      0.999976     -0.417574
            1   6.45507e-05  -0.000419576    -0.0573449  -6.71161e-05      0.999981   -0.00611696      -0.30291   0.000419173    0.00611699      0.999981     -0.361709
            1  -2.85755e-05  -0.000452806    -0.0570106    2.5796e-05      0.999981   -0.00613719     -0.308321   0.000452973    0.00613718      0.999981     -0.373056
            1   3.90488e-05  -0.000225182    -0.0414437  -4.03756e-05      0.999983   -0.00589499     -0.286909   0.000224947      0.005895      0.999983     -0.353298
            1  -0.000269513  -0.000332418    -0.0445568   0.000267677      0.999985   -0.00550964     -0.298295   0.000333898    0.00550955      0.999985     -0.331496
            1   0.000146099  -0.000382332    -0.0437959  -0.000147318      0.999995   -0.00318915     -0.201392   0.000381864     0.0031892      0.999995     -0.259398
            1  -0.000261812  -0.000406644      -0.04581   0.000259797      0.999988   -0.00494748     -0.287327   0.000407935    0.00494737      0.999988     -0.330264
            1  -0.000200111  -0.000314089    -0.0481464   0.000198765      0.999991   -0.00428019     -0.254799   0.000314942    0.00428013      0.999991     -0.279276
            1  -0.000156025  -0.000276742    -0.0460815   0.000154645      0.999988   -0.00497996     -0.292465   0.000277516    0.00497991      0.999988     -0.335004
            1  -0.000248891  -0.000245809    -0.0451398   0.000247809       0.99999   -0.00439202     -0.270849     0.0002469    0.00439196       0.99999     -0.288297
            1  -0.000161087  -0.000240678     -0.047043   0.000159912      0.999988   -0.00487375      -0.29642    0.00024146    0.00487371      0.999988     -0.354373
            1  -0.000253976  -0.000398135    -0.0522516    0.00025227      0.999991   -0.00427847     -0.269208   0.000399218    0.00427837      0.999991     -0.313988
            1   -0.00020283  -0.000385301    -0.0477368   0.000201012      0.999989   -0.00471408     -0.300043   0.000386253      0.004714      0.999989     -0.361128
            1  -0.000234387   -0.00048341     -0.048079   0.000232157      0.999989   -0.00460742     -0.282112   0.000484485     0.0046073      0.999989     -0.355272
            1  -0.000209463  -0.000317233    -0.0415154   0.000207875      0.999987   -0.00499646     -0.293742   0.000318276     0.0049964      0.999987     -0.370836
            1  -0.000133752  -0.000561404    -0.0430283    0.00013079      0.999986   -0.00527222     -0.291351   0.000562101    0.00527215      0.999986     -0.346219
            1  -1.69606e-05  -0.000412023    -0.0383627    1.4797e-05      0.999986    -0.0052506     -0.294582   0.000412107    0.00525059      0.999986     -0.341693
            1   -0.00014244  -0.000358943    -0.0474074   0.000140701      0.999988   -0.00484089      -0.29303   0.000359629    0.00484084      0.999988      -0.31455
            1  -6.42703e-05  -0.000470418     -0.056464   6.19448e-05      0.999988   -0.00494183     -0.292401    0.00047073     0.0049418      0.999988     -0.336102
            1  -0.000247639   -0.00031449    -0.0469527   0.000246086      0.999988   -0.00492751     -0.277592   0.000315706    0.00492744      0.999988     -0.299158
            1   1.83612e-05  -0.000245518     -0.044934  -1.95633e-05      0.999988     -0.004897     -0.274082   0.000245426      0.004897      0.999988     -0.326641
            1  -0.000125848  -0.000364578    -0.0488925   0.000124114      0.999989   -0.00475375     -0.271055   0.000365173    0.00475371      0.999989     -0.290525
            1  -0.000103372  -0.000336249    -0.0481893    0.00010169      0.999988   -0.00499884     -0.293025   0.000336761     0.0049988      0.999987     -0.327661
            1  -0.000101101  -0.000129802    -0.0444869   0.000100501      0.999989   -0.00461254      -0.27351   0.000130267    0.00461253      0.999989     -0.283816
            1  -6.20706e-05   -0.00026569    -0.0508871   6.07752e-05      0.999988   -0.00487294     -0.289573   0.000265989    0.00487293      0.999988      -0.31305
            1  -0.000162679  -0.000271029    -0.0578598    0.00016141      0.999989   -0.00467629     -0.298631   0.000271787    0.00467625      0.999989     -0.307621
            1  -9.38846e-05  -0.000315418    -0.0611154   9.24596e-05       0.99999   -0.00451476     -0.292639   0.000315838    0.00451473       0.99999       -0.3046
            1  -0.000123409   -0.00043815    -0.0599352   0.000121396      0.999989   -0.00459263     -0.292856   0.000438712    0.00459258      0.999989      -0.30243
            1  -5.76411e-05  -0.000306827    -0.0522732   5.62546e-05       0.99999   -0.00451702     -0.287424   0.000307084      0.004517       0.99999     -0.298654
            1  -0.000115386  -0.000390235    -0.0604863   0.000113555      0.999989   -0.00468817     -0.283267   0.000390771    0.00468813      0.999989     -0.292011
            1  -5.16983e-06   -0.00029514    -0.0600376   3.82325e-06       0.99999   -0.00456233     -0.278292   0.000295161    0.00456232       0.99999      -0.30018
            1   -0.00010458  -0.000419466    -0.0652202   0.000102499      0.999988   -0.00495984     -0.310321   0.000419979     0.0049598      0.999988     -0.311645
            1   5.18664e-05   -0.00033945     -0.060654  -5.33858e-05       0.99999   -0.00447769     -0.283809   0.000339214    0.00447771       0.99999     -0.297487
            1  -6.88182e-06  -0.000465779    -0.0611928    4.5854e-06      0.999988   -0.00493011     -0.303553   0.000465808     0.0049301      0.999988     -0.308068
            1   6.23965e-05  -0.000391834    -0.0575563  -6.41464e-05       0.99999    -0.0044675       -0.2775   0.000391552    0.00446752       0.99999     -0.291587
            1   -0.00014948  -0.000354819    -0.0582225   0.000147911       0.99999   -0.00442001     -0.283384   0.000355476    0.00441996       0.99999     -0.276192
            1  -3.17054e-05  -0.000358969    -0.0529952   3.00344e-05      0.999989   -0.00465394     -0.283351   0.000359113    0.00465393      0.999989     -0.298503
            1  -5.81129e-05   -0.00031657    -0.0546632   5.66846e-05       0.99999   -0.00451007     -0.271028   0.000316828    0.00451006       0.99999     -0.280659
            1   0.000118194  -0.000108892    -0.0442117  -0.000118685       0.99999     -0.004512     -0.266516   0.000108358    0.00451201       0.99999     -0.272968
            1   -0.00012117   7.70428e-05    -0.0403523   0.000121539      0.999988   -0.00481538      -0.29551  -7.64584e-05    0.00481539      0.999988     -0.275184
            1   5.23365e-05   2.86063e-05    -0.0336255  -5.22083e-05       0.99999     -0.004465     -0.273799  -2.88397e-05      0.004465       0.99999     -0.264132
            1   0.000231471  -0.000194331     -0.054821  -0.000232284      0.999991   -0.00419744     -0.288567   0.000193358    0.00419748      0.999991     -0.250682
            1   0.000680655  -0.000202413    -0.0579389  -0.000681242      0.999996   -0.00291371      -0.23283   0.000200429    0.00291385      0.999996     -0.202204
            1  -1.66768e-05  -0.000395633    -0.0341499   1.47266e-05      0.999988   -0.00492883     -0.317186   0.000395711    0.00492883      0.999988     -0.361093
            1  -0.000239303  -0.000516104    -0.0496839   0.000236558      0.999986   -0.00531256      -0.31558   0.000517368    0.00531244      0.999986     -0.367175
            1  -0.000180761  -0.000317906    -0.0423111   0.000178936      0.999984   -0.00573316     -0.329039   0.000318937     0.0057331      0.999984     -0.389444
            1  -2.91597e-05  -0.000237733    -0.0578847   2.78376e-05      0.999985   -0.00555939     -0.322834   0.000237891    0.00555938      0.999985     -0.359489
            1  -0.000136343  -0.000250366    -0.0705764   0.000134973      0.999985   -0.00546334     -0.335561   0.000251107     0.0054633      0.999985     -0.336631
            1   8.02026e-05  -0.000340817    -0.0683049   -8.1833e-05      0.999989   -0.00478641     -0.290712   0.000340429    0.00478644      0.999988     -0.289749
            1  -4.88203e-05  -0.000483701    -0.0651244    4.6279e-05      0.999986   -0.00525247     -0.332776   0.000483951    0.00525245      0.999986     -0.339228
            1   5.59382e-05  -0.000340516    -0.0646616  -5.75178e-05      0.999989   -0.00464036     -0.289607   0.000340253    0.00464038      0.999989     -0.302589
            1  -0.000126668  -0.000420961    -0.0643604   0.000124411      0.999986   -0.00535851     -0.332924   0.000421634    0.00535846      0.999986     -0.346295
            1   1.37011e-05  -0.000431816    -0.0682486  -1.56489e-05       0.99999    -0.0045109     -0.296846    0.00043175     0.0045109       0.99999     -0.316188
            1  -8.65154e-05  -0.000275827    -0.0615663   8.52014e-05      0.999989   -0.00476024     -0.324077   0.000276235    0.00476021      0.999989      -0.34106
            1  -4.54326e-05  -0.000491247    -0.0683774   4.32268e-05       0.99999   -0.00448935     -0.305519   0.000491446    0.00448932       0.99999     -0.301797
            1   0.000100308  -0.000418395    -0.0660987  -0.000102389      0.999988   -0.00497632      -0.32049   0.000417891    0.00497636      0.999988     -0.328469
            1  -5.44208e-05  -0.000427685    -0.0677329   5.23875e-05      0.999989   -0.00475265     -0.307213   0.000427938    0.00475263      0.999989     -0.283097
            1    8.8892e-05  -0.000331204    -0.0593587  -9.05506e-05      0.999987   -0.00501122      -0.32552   0.000330754    0.00501125      0.999987     -0.328899
            1  -2.88846e-05  -0.000455049    -0.0646312   2.67216e-05      0.999989   -0.00475267     -0.310548   0.000455181    0.00475265      0.999989     -0.298807
            1  -9.15598e-06  -0.000456121     -0.060022   6.83456e-06      0.999987   -0.00508921      -0.33418   0.000456162     0.0050892      0.999987     -0.340109
            1  -4.65475e-05  -0.000533595    -0.0592219   4.37446e-05      0.999986   -0.00525167     -0.333675   0.000533832    0.00525165      0.999986     -0.342159
            1  -0.000104868  -0.000290669    -0.0525933   0.000103281      0.999985   -0.00545584     -0.355959   0.000291236    0.00545581      0.999985     -0.359494
            1  -0.000117519  -0.000362857    -0.0495969   0.000115328      0.999982   -0.00603212     -0.371111    0.00036356    0.00603207      0.999982     -0.384397
            1  -6.08581e-05  -0.000370787    -0.0504544   5.87566e-05      0.999984   -0.00566499     -0.346648   0.000371126    0.00566497      0.999984      -0.35392
            1  -6.43784e-05  -0.000394051    -0.0513246   6.21661e-05      0.999984   -0.00561181     -0.362031   0.000394406    0.00561178      0.999984     -0.332805
            1   9.03679e-05  -0.000341382     -0.054981  -9.22001e-05      0.999986     -0.005371     -0.339951   0.000340891    0.00537103      0.999986     -0.322449
            1  -3.75911e-05  -0.000225191    -0.0434157    3.6276e-05      0.999983   -0.00583701      -0.36426   0.000225406      0.005837      0.999983     -0.334985
            1  -1.22817e-05  -0.000158235    -0.0433293   1.13945e-05      0.999984   -0.00560596     -0.346062   0.000158302    0.00560596      0.999984     -0.330871
            1   1.72913e-05  -3.69079e-05    -0.0420292  -1.74939e-05      0.999985   -0.00549535     -0.348888   3.68123e-05    0.00549536      0.999985      -0.32451
            1  -5.52892e-05   6.05206e-05    -0.0396388   5.56275e-05      0.999984   -0.00560392     -0.345025  -6.02098e-05    0.00560393      0.999984     -0.328453
            1  -6.13892e-05   0.000118604    -0.0372159   6.20609e-05      0.999984   -0.00567181     -0.359936  -0.000118254    0.00567182      0.999984      -0.33377
            1   2.47299e-05   0.000247817    -0.0309886  -2.33982e-05      0.999986   -0.00537259     -0.324859  -0.000247946    0.00537259      0.999986     -0.296737
            1  -0.000112425   0.000204402    -0.0378048   0.000113626      0.999983   -0.00588692      -0.37171  -0.000203737    0.00588695      0.999983     -0.327051
            1   7.95498e-05   0.000358491    -0.0387056  -7.76998e-05      0.999987   -0.00515777     -0.327727  -0.000358897    0.00515774      0.999987     -0.284916
            1  -6.76218e-05   0.000162276    -0.0365806   6.85352e-05      0.999984   -0.00563542     -0.357329  -0.000161892    0.00563543      0.999984     -0.328788
            1  -0.000145196   0.000379053    -0.0170339   0.000146794      0.999991    -0.0042202     -0.288742  -0.000378437    0.00422025      0.999991     -0.214982
            1    0.00020404   0.000667634   -0.00336083  -0.000201234      0.999991    -0.0042002      -0.28535  -0.000668485    0.00420006      0.999991     -0.223798
            1  -3.62786e-05   0.000618257    -0.0167416   3.92335e-05      0.999989   -0.00477997     -0.322021  -0.000618076    0.00477999      0.999988      -0.26047
            1   0.000118642   0.000542455    -0.0166787   -0.00011634      0.999991   -0.00424201     -0.293234  -0.000542953    0.00424194      0.999991      -0.22423
            1   0.000102554   0.000483881   -0.00654823  -0.000100766      0.999993   -0.00369361     -0.274887  -0.000484257    0.00369356      0.999993     -0.210534
            1  -0.000162569   0.000427613   -0.00629055   0.000164149      0.999993   -0.00369822     -0.285848  -0.000427008    0.00369829      0.999993       -0.1927
            1   2.40948e-05   0.000445017   -0.00999386  -2.23731e-05      0.999993   -0.00386843     -0.294589  -0.000445106    0.00386842      0.999992     -0.239962
            1   -0.00013772   0.000307987     -0.023867   0.000138887      0.999993   -0.00379269     -0.299615  -0.000307462    0.00379273      0.999993     -0.218808
            1   -7.8059e-05   0.000437223    -0.0145681   7.96758e-05      0.999993   -0.00369922     -0.289931  -0.000436931    0.00369925      0.999993     -0.232818
            1  -0.000298426   0.000293157    -0.0140504   0.000299762       0.99999   -0.00456787     -0.327959   -0.00029179    0.00456796       0.99999     -0.297531
            1  -0.000308249   0.000410519   -0.00756835   0.000310018      0.999991   -0.00431733     -0.313508  -0.000409185    0.00431745      0.999991     -0.267985
            1  -9.72666e-05   0.000603912    -0.0117088   0.000100076      0.999989   -0.00465382     -0.335401  -0.000603453    0.00465388      0.999989     -0.298357
            1  -0.000229233   0.000624705    -0.0098359   0.000231974       0.99999   -0.00439061     -0.314044  -0.000623692    0.00439076       0.99999     -0.232335
            1  -8.60954e-05   0.000584147    -0.0114935   8.88697e-05      0.999989   -0.00475089     -0.338498  -0.000583731    0.00475094      0.999989      -0.27499
            1  -0.000158055   0.000499044    -0.0131988   0.000160186      0.999991   -0.00427392     -0.312574  -0.000498364      0.004274      0.999991     -0.241073
            1  -0.000320065   0.000646659   -0.00481434     0.0003231      0.999989   -0.00469822     -0.344608  -0.000645148    0.00469842      0.999989     -0.278635
            1  -0.000279273   0.000570334    -0.0088787   0.000281629      0.999991   -0.00413468     -0.318978  -0.000569175    0.00413484      0.999991     -0.253058
            1  -0.000259272   0.000625401   -0.00261445   0.000262071       0.99999   -0.00447977     -0.339729  -0.000624233    0.00447993       0.99999     -0.277763
            1  -0.000514404    0.00054847   -0.00253987   0.000516851       0.99999   -0.00447197     -0.326516  -0.000546164    0.00447225       0.99999     -0.247516
            1  -0.000324934   0.000723687   -0.00222658   0.000328327      0.999989    -0.0046931     -0.336565  -0.000722154    0.00469334      0.999989     -0.259901
            1  -0.000405075    0.00059054   -0.00156503   0.000407842      0.999989   -0.00469423     -0.335851  -0.000588632    0.00469447      0.999989     -0.223076
            1  -0.000175424   0.000689943   0.000724573   0.000178619      0.999989   -0.00463395     -0.329459  -0.000689123    0.00463408      0.999989     -0.227525
            1  -0.000283524   0.000585187   -0.00442847   0.000286242      0.999989   -0.00465005     -0.333564  -0.000583862    0.00465022      0.999989     -0.213172
            1  -0.000224138   0.000767312    0.00155927     0.0002276       0.99999    -0.0045146     -0.321993  -0.000766292    0.00451477       0.99999     -0.211999
            1  -0.000330483   0.000724385    0.00495915   0.000333721       0.99999   -0.00447355     -0.328977    -0.0007229    0.00447379       0.99999     -0.211012
            1  -0.000306392   0.000819687    0.00885458   0.000309905      0.999991   -0.00428909     -0.307798  -0.000818365    0.00428935       0.99999     -0.198055
            1  -0.000354678   0.000822985     0.0134555   0.000358428       0.99999   -0.00456099     -0.324727  -0.000821359    0.00456129      0.999989      -0.21401
            1  -0.000278703    0.00094201     0.0100903   0.000282792      0.999991   -0.00434371     -0.306504  -0.000940791    0.00434398       0.99999     -0.186158
            1  -0.000297409   0.000864843  -0.000979341   0.000301452      0.999989   -0.00467868     -0.337344  -0.000863442    0.00467893      0.999989     -0.218028
            1  -0.000151084   0.000840242    0.00106736   0.000154488      0.999992   -0.00405257      -0.30591  -0.000839623     0.0040527      0.999991      -0.19203
            1  -0.000269495   0.000805711    -0.0047253   0.000273199      0.999989   -0.00460014     -0.346426  -0.000804462    0.00460036      0.999989     -0.230652
            1  -0.000196961    0.00094848    0.00208217   0.000200762      0.999992   -0.00400958     -0.316492  -0.000947683    0.00400977      0.999992     -0.189119
            1  -0.000273841   0.000847721    0.00166704   0.000277636       0.99999    -0.0044802     -0.346254  -0.000846486    0.00448044       0.99999     -0.213848
            1  -0.000284029   0.000893859    0.00786326   0.000287694      0.999992   -0.00410258     -0.307217  -0.000892686    0.00410284      0.999991     -0.178034
            1  -0.000226604   0.000856859    0.00592187   0.000230328      0.999991   -0.00434852     -0.337938  -0.000855865    0.00434872       0.99999     -0.218298
            1  -0.000293582    0.00085657    0.00407781   0.000296858      0.999993   -0.00382719     -0.306526   -0.00085544    0.00382744      0.999992     -0.158273
            1  -0.000219232   0.000903568    0.00588869   0.000223081      0.999991   -0.00426237     -0.328797  -0.000902625    0.00426257      0.999991     -0.207049
            1  -0.000291719   0.000866118    0.00196925   0.000295278      0.999992   -0.00411234     -0.312032  -0.000864911    0.00411259      0.999991     -0.163815
     0.999999  -0.000236691    0.00102028     0.0081164   0.000241318       0.99999   -0.00453708     -0.334974    -0.0010192    0.00453733      0.999989     -0.192919
            1  -0.000264415   0.000963274    0.00842303   0.000268341      0.999992   -0.00407792     -0.307044  -0.000962187    0.00407817      0.999991     -0.157259
            1   -0.00025012   0.000953455     0.0152541   0.000254391       0.99999   -0.00448233     -0.334379  -0.000952324    0.00448257      0.999989     -0.202569
            1  -0.000188559   0.000879898     0.0135338   0.000192393       0.99999   -0.00435897     -0.317878  -0.000879068    0.00435914       0.99999     -0.197308
            1  -8.41824e-05   0.000903342     0.0329501   8.85165e-05      0.999988   -0.00479887      -0.33109  -0.000902928    0.00479895      0.999988     -0.230016
     0.999999   7.20607e-05     0.0011735     0.0282885  -6.64184e-05      0.999988   -0.00480738     -0.350764   -0.00117384     0.0048073      0.999988     -0.233626
     0.999999  -0.000103022    0.00124107     0.0202334   0.000109462      0.999987   -0.00519063     -0.357396   -0.00124052    0.00519076      0.999986     -0.231896
     0.999999  -0.000193448    0.00115247     0.0236446   0.000199776      0.999985   -0.00549337     -0.380016   -0.00115139    0.00549359      0.999984     -0.254048
     0.999999  -0.000272883    0.00096591     0.0178262   0.000278181      0.999985   -0.00548886     -0.374509  -0.000964397    0.00548913      0.999984     -0.231806
     0.999999  -0.000151941    0.00113081     0.0225673   0.000158247      0.999984   -0.00557803     -0.395656   -0.00112995     0.0055782      0.999984     -0.271216
