# 3dvolreg matrices (DICOM-to-DICOM, row-by-row):
            1             0             0            -0             0             1             0            -0             0             0             1            -0
            1  -0.000175899   0.000580109     0.0150402   0.000175722             1   0.000304167    -0.0190283  -0.000580163  -0.000304065             1    -0.0300485
     0.999999   -0.00113219    0.00128714   -0.00139397    0.00113212      0.999999   5.54095e-05     -0.171832    -0.0012872  -5.39523e-05      0.999999      0.129682
            1   -0.00040697   0.000900706     0.0203846   0.000407355             1  -0.000428053   -0.00158989  -0.000900531    0.00042842             1      0.072746
            1  -0.000378883   0.000834527     0.0198011   0.000378699             1   0.000220499    -0.0427644  -0.000834611  -0.000220183             1     0.0130527
            1  -0.000244661   0.000497365     0.0157407   0.000244731             1   -0.00014042   -0.00240824   -0.00049733   0.000140541             1     0.0366205
            1  -0.000416848   0.000537528     0.0111914   0.000416817             1   5.81768e-05     -0.039402  -0.000537553  -5.79528e-05             1     0.0523086
            1  -0.000394687   0.000659768     0.0147579   0.000394618             1   0.000104906    -0.0343465  -0.000659809  -0.000104646             1     0.0289453
            1  -9.64425e-05   0.000294722     0.0194716   9.64675e-05             1  -8.46377e-05    0.00153357  -0.000294714   8.46661e-05             1    0.00649344
            1  -0.000171337   0.000374069     0.0213984   0.000171359             1  -5.76801e-05     -0.015079  -0.000374059   5.77442e-05             1    0.00448509
            1   -0.00017392   0.000474182     0.0240907   0.000173816             1    0.00021957    -0.0219096   -0.00047422  -0.000219488             1    0.00907215
            1  -0.000110807   0.000489656     0.0254895    0.00011081             1  -5.86611e-06    -0.0246879  -0.000489655   5.92037e-06             1     0.0180873
            1  -5.53351e-05   0.000276812      0.024603   5.53578e-05             1  -8.20592e-05   -0.00845042  -0.000276807   8.20745e-05             1     0.0218299
            1  -0.000110942   0.000421536      0.020157   0.000110801             1   0.000335391    -0.0224331  -0.000421573  -0.000335344             1    0.00281473
            1  -0.000132303   0.000503795     0.0148029   0.000132374             1  -0.000140951    -0.0308777  -0.000503777   0.000141017             1     0.0456055
            1  -3.84829e-05   0.000396929     0.0217621   3.84762e-05             1   1.69988e-05      -0.02097   -0.00039693  -1.69836e-05             1     0.0281447
            1  -0.000169861   0.000452085     0.0155635   0.000169669             1   0.000424804    -0.0367654  -0.000452157  -0.000424727             1   -0.00640328
            1   -0.00016257   0.000442525     0.0131833   0.000162426             1   0.000327258    -0.0207108  -0.000442578  -0.000327186             1     0.0139206
            1  -0.000221839   0.000522842     0.0123203   0.000221844             1  -1.07598e-05    -0.0306229   -0.00052284   1.08758e-05             1     0.0400278
            1  -5.71569e-05   0.000319603     0.0233781    5.7118e-05             1   0.000121692     -0.017494   -0.00031961  -0.000121674             1     0.0297643
            1   -7.3561e-05    0.00040186     0.0178826   7.34141e-05             1   0.000365514    -0.0344931  -0.000401886  -0.000365484             1     0.0284784
            1  -0.000130984   0.000398029     0.0235231   0.000130974             1   2.40873e-05    -0.0218581  -0.000398032  -2.40351e-05             1     0.0619348
            1  -9.95565e-05   0.000263917     0.0252917   9.95157e-05             1   0.000154539     -0.032283  -0.000263932  -0.000154513             1     0.0409539
            1  -0.000170131   0.000380397     0.0218842   0.000169979             1   0.000400065    -0.0369918  -0.000380465  -0.000400001             1     0.0145172
            1  -0.000231355   0.000390934     0.0246267   0.000231301             1   0.000138148    -0.0335982  -0.000390966  -0.000138058             1     0.0434997
            1  -0.000133797   0.000400236     0.0287439   0.000133774             1   5.77295e-05    -0.0247362  -0.000400243  -5.76759e-05             1     0.0450517
            1  -0.000152982   0.000381938     0.0284312   0.000152853             1   0.000338159    -0.0442338  -0.000381989  -0.000338101             1     0.0315626
            1  -0.000177873    0.00037723     0.0321112   0.000177709             1   0.000434271    -0.0250106  -0.000377307  -0.000434204             1     0.0405981
            1  -0.000198637   0.000384984     0.0332111   0.000198598             1   9.97342e-05    -0.0378703  -0.000385003  -9.96577e-05             1     0.0711942
            1  -7.55031e-05   0.000227533     0.0362183    7.5458e-05             1   0.000197913    -0.0201741  -0.000227548  -0.000197895             1      0.058898
            1  -0.000296292   0.000359301      0.031991   0.000296141             1   0.000422331    -0.0368162  -0.000359426  -0.000422225             1     0.0696166
            1   -0.00017378   0.000368352      0.032917   0.000173673             1   0.000290284    -0.0420496  -0.000368403   -0.00029022             1     0.0702792
            1  -8.04246e-05   0.000289004     0.0408182   8.03663e-05             1   0.000201732    -0.0280656  -0.000289021  -0.000201709             1     0.0781143
            1  -0.000220484    0.00039418     0.0362686   0.000220322             1   0.000409979    -0.0499882  -0.000394271  -0.000409893             1     0.0681234
            1  -9.60572e-05    0.00041482     0.0351135   9.59104e-05             1   0.000354035    -0.0400241  -0.000414854  -0.000353995             1     0.0594099
            1  -0.000105367   0.000389218     0.0370949   0.000105271             1   0.000247712    -0.0232675  -0.000389245  -0.000247671             1     0.0735679
            1  -0.000247865   0.000473228     0.0352678   0.000247732             1   0.000281721     -0.039994  -0.000473298  -0.000281604             1     0.0833649
            1  -0.000135322     0.0005191     0.0380223   0.000135123             1   0.000382509    -0.0441773  -0.000519152  -0.000382439             1     0.0692084
            1   -0.00014267   0.000409058     0.0395165   0.000142549             1   0.000294559    -0.0282832    -0.0004091  -0.000294501             1     0.0874664
            1  -0.000115591   0.000329796     0.0375532    0.00011556             1   9.25832e-05    -0.0344977  -0.000329807  -9.25451e-05             1     0.0947338
            1  -0.000151345   0.000388177     0.0426459   0.000151183             1   0.000418017    -0.0480531   -0.00038824  -0.000417958             1     0.0688661
            1  -9.40991e-05   0.000396121     0.0430333   9.39055e-05             1    0.00048882    -0.0194628  -0.000396167  -0.000488783             1     0.0760579
            1  -0.000159559   0.000374344     0.0403512    0.00015946             1   0.000266126    -0.0281547  -0.000374386  -0.000266066             1     0.0981402
            1  -0.000123751   0.000397888     0.0469689   0.000123594             1   0.000395168    -0.0459738  -0.000397937  -0.000395119             1     0.0710989
            1  -9.25705e-05    0.00035123     0.0389357   9.23683e-05             1   0.000575598    -0.0338762  -0.000351283  -0.000575565             1     0.0614307
            1  -0.000113041    0.00028644     0.0371367   0.000113035             1   1.93225e-05    -0.0313776  -0.000286442  -1.92901e-05             1       0.11177
            1  -8.23193e-05   0.000457165     0.0456271   8.21738e-05             1    0.00031818    -0.0534584  -0.000457191  -0.000318142             1     0.0845453
            1  -0.000112947    0.00042983     0.0443989   0.000112629             1   0.000739759    -0.0357692  -0.000429913   -0.00073971             1     0.0732745
            1   -0.00024465   0.000599216     0.0402543   0.000244729             1  -0.000132024    -0.0496529  -0.000599184    0.00013217             1      0.126162
            1  -0.000408115   0.000570097     0.0232951   0.000407587      0.999999    0.00092706    -0.0997213  -0.000570475  -0.000926827      0.999999      0.119866
            1   0.000324073  -0.000472518     0.0119345  -0.000324475             1  -0.000850955     0.0515669   0.000472242   0.000851108             1      0.027157
     0.999998    0.00123519   -0.00140663    -0.0213741   -0.00123591      0.999999  -0.000507482      0.255407      0.001406   0.000509219      0.999999     -0.253393
     0.999998    0.00165862    -0.0013318      0.012785   -0.00165802      0.999999   0.000454545      0.155696    0.00133255  -0.000452336      0.999999     -0.244011
     0.999999   0.000877728  -0.000682852     0.0349218  -0.000871426      0.999958    0.00917591      0.572224   0.000690877   -0.00917531      0.999958     -0.554309
     0.999999   0.000762706  -0.000856222   -0.00400429  -0.000748181      0.999858     0.0168382      0.664123   0.000868943    -0.0168376      0.999858     -0.593425
     0.999998    0.00117525   -0.00134425    -0.0130541   -0.00115733      0.999912     0.0132533       0.61103     0.0013597    -0.0132517      0.999911     -0.549841
     0.999998    0.00106294   -0.00137352    -0.0156188   -0.00104466      0.999912     0.0132486      0.649005    0.00138748    -0.0132471      0.999911      -0.54674
     0.999999    0.00105197   -0.00129392    -0.0107457   -0.00103478      0.999912     0.0132187        0.6418    0.00130771    -0.0132174      0.999912     -0.533497
     0.999999    0.00107534   -0.00128009    -0.0144122   -0.00105845      0.999913     0.0131222      0.607023    0.00129409    -0.0131208      0.999913     -0.534914
     0.999999    0.00108345   -0.00129311    -0.0105291   -0.00106713      0.999921     0.0125546       0.61268     0.0013066    -0.0125532       0.99992     -0.490576
     0.999999   0.000936432    -0.0011783     -0.022572   -0.00092139      0.999919     0.0127029      0.568242     0.0011901    -0.0127018      0.999919     -0.485127
     0.999999   0.000943099   -0.00100345    -0.0204292  -0.000931228       0.99993     0.0117661      0.571862    0.00101447    -0.0117651       0.99993     -0.420327
     0.999999   0.000918137  -0.000823851    -0.0243672  -0.000907979      0.999925     0.0122475      0.553065   0.000835034    -0.0122467      0.999925     -0.449231
     0.999999   0.000987253   -0.00097131    -0.0281799  -0.000975655      0.999929     0.0118695      0.544123   0.000982959    -0.0118685      0.999929     -0.408336
     0.999999    0.00101735  -0.000812821    -0.0214315   -0.00100766      0.999929     0.0118418      0.554123   0.000824811    -0.0118409       0.99993     -0.413025
     0.999999   0.000893443  -0.000787182    -0.0329495  -0.000883699      0.999924     0.0122928      0.540013   0.000798105     -0.012292      0.999924     -0.424581
     0.999999   0.000804204  -0.000761216    -0.0332335  -0.000795459      0.999934     0.0114188      0.543805   0.000770349    -0.0114182      0.999935     -0.364529
     0.999999   0.000860001  -0.000713125    -0.0229961  -0.000851649      0.999932     0.0116301      0.517529   0.000723079    -0.0116295      0.999932     -0.378691
     0.999999   0.000853825   -0.00066306    -0.0178582  -0.000846049      0.999932     0.0116406      0.498134   0.000672953      -0.01164      0.999932     -0.383326
     0.999999   0.000845921   -0.00056849     -0.017948  -0.000839299      0.999933     0.0115508      0.531032   0.000578223    -0.0115503      0.999933     -0.359756
     0.999999    0.00085191  -0.000554821    -0.0138354  -0.000845586      0.999936        0.0113       0.50909   0.000564412    -0.0112995      0.999936     -0.340242
            1   0.000866952  -0.000448915   -0.00728643  -0.000861591       0.99993     0.0118067      0.493552   0.000459119    -0.0118063       0.99993     -0.376817
            1   0.000848542   -0.00050041     -0.010622  -0.000842589       0.99993     0.0117774       0.51664   0.000510368     -0.011777      0.999931     -0.389215
     0.999999   0.000910153  -0.000603564   -0.00998733  -0.000903231      0.999935     0.0113716      0.538186   0.000613874     -0.011371      0.999935     -0.363823
     0.999999   0.000839737  -0.000543613    -0.0182258  -0.000833331      0.999931     0.0116786      0.494156   0.000553383    -0.0116781      0.999932     -0.365997
            1   0.000833579  -0.000461202    -0.0117448  -0.000828269      0.999935     0.0113959      0.522321   0.000470671    -0.0113955      0.999935     -0.347679
            1   0.000841235  -0.000466488     -0.003788  -0.000835865      0.999935     0.0113932      0.506818   0.000476042    -0.0113928      0.999935     -0.360313
     0.999999   0.000828632  -0.000577264    -0.0124826  -0.000821658      0.999928     0.0119782      0.527266   0.000587148    -0.0119777      0.999928     -0.385883
            1   0.000759056  -0.000489373    -0.0203207  -0.000753194      0.999929     0.0118682      0.529484   0.000498347    -0.0118678      0.999929     -0.349568
            1   0.000787514   -0.00038603    -0.0126676  -0.000783043      0.999934     0.0114469      0.509826    0.00039502    -0.0114466      0.999934     -0.317339
            1   0.000801761  -0.000381866   -0.00734075  -0.000797255      0.999932     0.0116578      0.497097   0.000391187    -0.0116575      0.999932     -0.325491
            1   0.000769556  -0.000399148     -0.010268  -0.000764683      0.999927     0.0120688      0.500603   0.000408406    -0.0120685      0.999927     -0.358952
            1   0.000687535  -0.000421215    -0.0173515  -0.000682717      0.999936      0.011335      0.497038   0.000428981    -0.0113347      0.999936     -0.311429
            1   0.000668514  -0.000350289    -0.0103577  -0.000664484      0.999935       0.01138       0.48417   0.000357873    -0.0113797      0.999935     -0.311502
            1   0.000677109  -0.000354501    -0.0127544  -0.000672826      0.999928     0.0119466      0.479164   0.000362565    -0.0119464      0.999929     -0.332168
            1   0.000691619  -0.000422192    -0.0165687  -0.000686765      0.999935     0.0113919      0.504782   0.000430043    -0.0113917      0.999935     -0.282853
            1   0.000699496  -0.000390187    -0.0171619  -0.000694937      0.999933     0.0115647      0.475452    0.00039825    -0.0115645      0.999933     -0.317702
            1   0.000747076  -0.000261028    -0.0138359   -0.00074392      0.999929     0.0118895      0.483445   0.000269891    -0.0118893      0.999929     -0.347713
            1   0.000756501  -0.000334487    -0.0145019  -0.000752582      0.999933     0.0115641      0.502847   0.000343213    -0.0115639      0.999933      -0.33831
            1    0.00081637  -0.000336638    -0.0119703  -0.000812399      0.999932     0.0116337      0.512131   0.000346112    -0.0116334      0.999932     -0.324931
            1   0.000738156  -0.000290287    -0.0136643  -0.000734712      0.999931     0.0116913      0.492827   0.000298897    -0.0116911      0.999932     -0.315522
            1   0.000783409  -0.000206352    -0.0076785   -0.00078096      0.999932     0.0116146      0.507922   0.000215437    -0.0116145      0.999933     -0.315007
            1    0.00075158  -0.000258433   -0.00826611  -0.000748504      0.999931     0.0117038      0.520399   0.000267212    -0.0117036      0.999931      -0.30372
            1   0.000588654  -0.000268948    -0.0166672   -0.00058546      0.999931     0.0117251      0.498046   0.000275832     -0.011725      0.999931     -0.281026
            1   0.000674291  -0.000135569   -0.00570804  -0.000672624      0.999928       0.01194      0.489017   0.000143611    -0.0119399      0.999929     -0.304856
            1  -0.000330534  -0.000321681    -0.0492455   0.000334524      0.999922      0.012482      0.515772    0.00031753    -0.0124821      0.999922     -0.344459
     0.999997   -0.00227215   0.000288387     -0.103466     0.0022682      0.999913     0.0130252       0.57215  -0.000317957    -0.0130245      0.999915     -0.409758
            1  -0.000749771  -0.000464862   -0.00821933   0.000755447      0.999924     0.0123337      0.607846   0.000455579     -0.012334      0.999924     -0.447881
     0.999999   0.000942713   -0.00106843     0.0130577  -0.000932852      0.999957     0.0091926      0.435849    0.00107705   -0.00919159      0.999957     -0.253963
     0.999999   0.000919612   -0.00105583     0.0236296  -0.000909481      0.999954    0.00955557      0.472188    0.00106457    -0.0095546      0.999954     -0.247547
            1   0.000577192  -0.000717648     0.0290395  -0.000570251      0.999953    0.00963472        0.4405   0.000723176   -0.00963431      0.999953     -0.242105
            1   0.000523347  -0.000516804     0.0319534  -0.000518144       0.99995     0.0100164      0.437766    0.00052202    -0.0100161       0.99995     -0.277692
            1   0.000627666  -0.000569267     0.0351557  -0.000622092      0.999952    0.00974019      0.466989   0.000575354   -0.00973983      0.999952     -0.263196
            1   0.000528167  -0.000481303     0.0312153  -0.000523388      0.999951    0.00987686      0.443754   0.000486497    -0.0098766      0.999951     -0.284336
            1   0.000594286  -0.000460371     0.0391858   -0.00058991      0.999955    0.00944823      0.441743   0.000465965   -0.00944795      0.999955     -0.235965
            1   0.000582572  -0.000533325     0.0388981   -0.00057741      0.999953    0.00962885      0.428129    0.00053891   -0.00962854      0.999953     -0.248476
            1   0.000551381  -0.000465485     0.0374214  -0.000546681      0.999949     0.0100389      0.437554   0.000470996    -0.0100387       0.99995     -0.274253
            1   0.000371578  -6.69596e-05     0.0325465  -0.000370908      0.999953    0.00973893      0.393349   7.05752e-05    -0.0097389      0.999953     -0.207506
     0.999999   0.000176374    0.00105689     0.0448466  -0.000187998      0.999939     0.0110082       0.46765   -0.00105489    -0.0110084      0.999939      -0.25089
            1  -1.70854e-05   0.000579689     0.0447194   1.15868e-05      0.999955     0.0094842      0.442896  -0.000579825    -0.0094842      0.999955     -0.227058
            1  -0.000203439   7.51566e-05     0.0355318   0.000202744      0.999958    0.00913077      0.367588   -7.7011e-05   -0.00913075      0.999958     -0.170708
            1   0.000472411   0.000241955     0.0588026  -0.000474705      0.999954    0.00957053      0.395912  -0.000237423   -0.00957064      0.999954     -0.200371
            1   0.000596528   0.000102556     0.0552595  -0.000597472      0.999955     0.0094617      0.409504  -9.69075e-05   -0.00946176      0.999955     -0.199665
            1   0.000636611   0.000165626     0.0674023  -0.000638103      0.999958    0.00917089       0.41378   -0.00015978   -0.00917099      0.999958     -0.212592
            1    0.00050762   0.000274933     0.0678867  -0.000510142      0.999957      0.009251      0.389121  -0.000270225   -0.00925114      0.999957     -0.214383
            1   0.000566343   0.000331367     0.0757098   -0.00056923      0.999961    0.00877734      0.396903  -0.000326383   -0.00877752      0.999961     -0.183335
            1   0.000459264   0.000306862     0.0776436  -0.000462013      0.999959    0.00901837      0.386526  -0.000302708   -0.00901851      0.999959     -0.164431
            1   0.000304327   0.000623981     0.0759974  -0.000310207      0.999955    0.00944406      0.371236   -0.00062108   -0.00944425      0.999955     -0.171935
            1   0.000230647   0.000685036     0.0753736  -0.000236655      0.999961    0.00878232      0.373537  -0.000682984   -0.00878248      0.999961     -0.123468
            1    0.00022179    0.00070133     0.0940398  -0.000228019       0.99996    0.00889379      0.362907   -0.00069933   -0.00889395       0.99996     -0.125728
            1   0.000188148   0.000658261     0.0901455  -0.000194146      0.999958    0.00912407      0.335739  -0.000656517    -0.0091242      0.999958     -0.149864
            1   0.000193686   0.000846611     0.0876066  -0.000201507      0.999957    0.00924797      0.366168  -0.000844783   -0.00924814      0.999957     -0.146479
            1   0.000190617   0.000838319     0.0857361  -0.000197966      0.999961    0.00877509      0.367172  -0.000836614   -0.00877525      0.999961     -0.115152
     0.999999  -4.15671e-05   0.000999715     0.0829341   3.27349e-05      0.999961    0.00883318      0.338752   -0.00100004   -0.00883314       0.99996     -0.116225
            1   5.94104e-05   0.000945055     0.0846224  -6.80445e-05      0.999958     0.0091387      0.332356  -0.000944472   -0.00913876      0.999958     -0.138849
            1    0.00013064   0.000950294      0.087937  -0.000139124       0.99996    0.00893396      0.355285  -0.000949089   -0.00893408       0.99996      -0.11863
            1   -4.1066e-05   0.000955191      0.084737   3.25025e-05       0.99996    0.00896354      0.336042   -0.00095552    -0.0089635      0.999959     -0.110492
     0.999999   2.28729e-05    0.00107762     0.0909517  -3.27117e-05      0.999958    0.00913103      0.335499   -0.00107737   -0.00913106      0.999958     -0.119942
     0.999999   8.36421e-05    0.00102427     0.0970895  -9.28639e-05      0.999959    0.00900658      0.350158   -0.00102348   -0.00900667      0.999959     -0.105429
     0.999999   4.54298e-05    0.00102952      0.100372   -5.4957e-05      0.999957    0.00925589      0.341417   -0.00102905   -0.00925595      0.999957     -0.118893
     0.999999  -3.85634e-05    0.00107551     0.0899944   2.82582e-05      0.999954    0.00958009      0.345576   -0.00107583   -0.00958005      0.999954     -0.145212
            1    3.9603e-06   0.000877369     0.0981845  -1.13741e-05      0.999964    0.00845017      0.364659  -0.000877304   -0.00845018      0.999964    -0.0270554
            1   7.93887e-05   0.000861118      0.100617  -8.70515e-05       0.99996    0.00890224      0.271953  -0.000860377   -0.00890231       0.99996    -0.0463632
            1   6.92625e-05   0.000895373      0.107292  -7.75284e-05      0.999957    0.00923507      0.313651  -0.000894695   -0.00923514      0.999957    -0.0988992
            1   3.07033e-05   0.000967053      0.103308  -3.98848e-05      0.999955     0.0094957      0.337299  -0.000966718   -0.00949574      0.999954     -0.123539
            1   1.28496e-05   0.000943613      0.109703  -2.14824e-05      0.999958    0.00914924      0.354371  -0.000943456   -0.00914925      0.999958    -0.0922779
            1  -7.98649e-05    0.00098642      0.102822   7.08939e-05      0.999959    0.00909122      0.336401  -0.000987105   -0.00909115      0.999958     -0.092224
     0.999999   5.78526e-06    0.00109221      0.107025    -1.601e-05      0.999956    0.00936179       0.33807   -0.00109211   -0.00936181      0.999956     -0.110188
            1  -3.98742e-05   0.000994998      0.102657     3.068e-05      0.999957    0.00923876      0.342472  -0.000995324   -0.00923872      0.999957    -0.0904546
     0.999999   0.000133545    0.00101852      0.112968  -0.000143324      0.999954    0.00960719      0.356856   -0.00101719   -0.00960733      0.999953    -0.0881184
     0.999999    2.7024e-06    0.00111657      0.105265  -1.34817e-05      0.999953    0.00965401      0.341212    -0.0011165   -0.00965402      0.999953    -0.0937035
     0.999999  -2.92613e-05    0.00114651      0.111739   1.88732e-05      0.999959    0.00905965       0.34409   -0.00114673   -0.00905962      0.999958    -0.0574514
     0.999999   4.88384e-05    0.00106413       0.11555  -5.85806e-05      0.999958    0.00915705      0.325374   -0.00106364   -0.00915711      0.999958     -0.071382
     0.999999   1.26235e-05    0.00127195      0.111847  -2.48598e-05      0.999954    0.00962057      0.331998   -0.00127177   -0.00962059      0.999953    -0.0941576
     0.999999   0.000150745    0.00131318      0.115104  -0.000163129      0.999955     0.0094354      0.365336    -0.0013117   -0.00943561      0.999955    -0.0699664
     0.999999   -1.2808e-05    0.00126128      0.111125   1.25611e-06      0.999958     0.0091584      0.339855   -0.00126134   -0.00915839      0.999957    -0.0632192
     0.999999  -5.36321e-05      0.001276      0.111832   4.17194e-05      0.999956    0.00933421      0.327319   -0.00127645   -0.00933415      0.999956    -0.0846328
     0.999999  -6.55706e-05    0.00142556       0.11783   5.20137e-05      0.999955    0.00950779      0.340866   -0.00142612    -0.0095077      0.999954    -0.0932924
     0.999999  -0.000123471    0.00134512      0.114622    0.00011108      0.999958     0.0092082      0.344869    -0.0013462   -0.00920805      0.999957    -0.0683171
     0.999999  -0.000140622    0.00134343      0.114888    0.00012824      0.999958    0.00921271       0.33563   -0.00134467   -0.00921253      0.999957    -0.0708172
     0.999999  -0.000101178    0.00140716      0.115863   8.78269e-05      0.999955    0.00948493      0.329396   -0.00140806    -0.0094848      0.999954     -0.085345
     0.999999  -7.80858e-05    0.00151066      0.117648   6.34694e-05      0.999953    0.00967308      0.342093   -0.00151135   -0.00967297      0.999952    -0.0903948
     0.999999  -0.000105985    0.00126893      0.111265   9.45036e-05      0.999959      0.009045      0.341485   -0.00126983   -0.00904487      0.999958     -0.047722
     0.999999  -0.000303152    0.00103225      0.106975   0.000293691      0.999958     0.0091527      0.332144   -0.00103498   -0.00915239      0.999958    -0.0551289
     0.999999  -6.87999e-05    0.00113246      0.108639   5.78898e-05      0.999954    0.00963121      0.326787   -0.00113307   -0.00963114      0.999953    -0.0787683
     0.999999  -5.89074e-05    0.00101031     0.0999336   4.95598e-05      0.999957    0.00924968       0.34688   -0.00101081   -0.00924962      0.999957    -0.0568709
            1   2.09256e-06   0.000961974      0.107903  -1.12081e-05      0.999955    0.00947598      0.348284  -0.000961911   -0.00947599      0.999955    -0.0871376
            1   0.000176514   0.000957833      0.115807   -0.00018537      0.999957    0.00925349      0.351102  -0.000956159   -0.00925366      0.999957     -0.108946
     0.999999   0.000302309    0.00101698      0.122185  -0.000311706      0.999957    0.00925244      0.366073   -0.00101414   -0.00925276      0.999957    -0.0925812
     0.999999   0.000800457    0.00130146      0.143687  -0.000811392      0.999964    0.00842311      0.337638   -0.00129467   -0.00842416      0.999964    -0.0434178
     0.999999   0.000767527    0.00139053      0.148834  -0.000779983      0.999959    0.00897973       0.32393   -0.00138358    -0.0089808      0.999959    -0.0776214
     0.999999   0.000518721    0.00117039      0.127746  -0.000529195       0.99996    0.00896674       0.32442   -0.00116569   -0.00896735      0.999959    -0.0858213
            1   0.000339645   0.000922709      0.120963  -0.000347964      0.999959    0.00903116      0.370082  -0.000919604   -0.00903147      0.999959    -0.0621862
     0.999999   0.000120077    0.00105073      0.113131  -0.000129544      0.999959    0.00901427      0.344351    -0.0010496    -0.0090144      0.999959    -0.0590466
     0.999999   0.000167803    0.00103008      0.119863  -0.000176635      0.999963    0.00857941      0.323535    -0.0010286   -0.00857959      0.999963     0.0436659
            1    7.0649e-05    0.00090228      0.111559  -7.93075e-05      0.999954     0.0095998      0.284968   -0.00090156   -0.00959987      0.999954    -0.0719648
            1   0.000171384   0.000883186      0.118644  -0.000179739      0.999955    0.00946896      0.344816  -0.000881524   -0.00946912      0.999955    -0.0791864
            1   0.000118128   0.000977148      0.116822  -0.000127298      0.999956    0.00938986      0.351894  -0.000975996   -0.00938998      0.999955    -0.0788789
     0.999999   0.000148798   0.000998005      0.118175   -0.00015834      0.999954     0.0095685      0.350013  -0.000996535   -0.00956865      0.999954     -0.076382
     0.999999   0.000107453    0.00105792      0.110799  -0.000117651      0.999953    0.00964427      0.339195   -0.00105683   -0.00964439      0.999953    -0.0767556
     0.999999   0.000135937    0.00108102       0.10894  -0.000146021      0.999956    0.00933357      0.352986    -0.0010797   -0.00933372      0.999956    -0.0525294
     0.999999   0.000327934   0.000985458      0.113253  -0.000337397      0.999954      0.009618      0.349765  -0.000982259   -0.00961832      0.999953    -0.0705647
     0.999999    0.00026451    0.00105509      0.113938  -0.000274769      0.999953    0.00973513      0.345649   -0.00105246   -0.00973541      0.999952    -0.0772963
            1   0.000181609   0.000932923       0.10662  -0.000190324      0.999956    0.00935003      0.339125  -0.000931184    -0.0093502      0.999956     -0.048013
     0.999999   0.000211603   0.000998909       0.11146  -0.000221633      0.999949     0.0100516      0.326466  -0.000996732    -0.0100518      0.999949     -0.021718
     0.999999   4.12637e-05    0.00111179      0.113845  -5.32599e-05      0.999942     0.0107921      0.300438   -0.00111128    -0.0107922      0.999941    0.00907877
            1   0.000244766   0.000946895      0.113566  -0.000254948      0.999942     0.0107684      0.329509  -0.000944204    -0.0107686      0.999942    -0.0288627
     0.999999   0.000214013   0.000994499      0.114495  -0.000224509      0.999944     0.0105664      0.326359  -0.000992182    -0.0105666      0.999944    0.00636109
            1   0.000245632   0.000913295      0.122663  -0.000254563      0.999952    0.00979211      0.342039  -0.000910846   -0.00979233      0.999952       0.01682
            1   0.000478927   0.000716941      0.149128  -0.000485504      0.999958    0.00920226      0.307881  -0.000712503    -0.0092026      0.999957      0.120417
            1   0.000347402   0.000552727      0.129118  -0.000353358      0.999941     0.0108118      0.235368  -0.000548939     -0.010812      0.999941    -0.0189844
            1   0.000274075   0.000695575      0.123486  -0.000281193      0.999947     0.0102545      0.343646  -0.000692728    -0.0102547      0.999947    -0.0330124
            1   0.000183534   0.000744822       0.11923  -0.000191208      0.999947     0.0103161      0.341033  -0.000742889    -0.0103162      0.999947    -0.0546213
            1   0.000165232   0.000896322      0.122721  -0.000174381      0.999948     0.0102171      0.346397  -0.000894587    -0.0102172      0.999947    -0.0593753
            1   0.000209075   0.000789905      0.129747  -0.000216917      0.999951    0.00994043      0.359131  -0.000787788   -0.00994059       0.99995    -0.0435325
            1   0.000133752   0.000979225      0.126256  -0.000143794      0.999947     0.0102625      0.330333  -0.000977801    -0.0102626      0.999947    -0.0608997
     0.999999   0.000161921    0.00100109      0.125775  -0.000171955       0.99995     0.0100304         0.321  -0.000999415    -0.0100305      0.999949    -0.0540175
     0.999999   0.000287588    0.00102369      0.133355  -0.000297815       0.99995     0.0100039      0.342193   -0.00102076    -0.0100042      0.999949    -0.0362471
     0.999999   0.000211621    0.00107374      0.133374  -0.000222631      0.999947     0.0102643      0.338794   -0.00107151    -0.0102646      0.999947    -0.0519363
     0.999999   0.000157665    0.00115744      0.129916  -0.000169585      0.999947     0.0103051      0.342701   -0.00115575    -0.0103053      0.999946    -0.0487261
     0.999999    0.00010792    0.00116771      0.125093  -0.000119835      0.999948     0.0102084      0.337185   -0.00116654    -0.0102086      0.999947    -0.0360626
     0.999999   0.000161558    0.00121307      0.129488   -0.00017388      0.999948     0.0101648      0.334111   -0.00121137     -0.010165      0.999948    -0.0455182
     0.999999   0.000103219    0.00104636       0.12826  -0.000113796      0.999949     0.0101137      0.348281   -0.00104526    -0.0101138      0.999948    -0.0421739
     0.999999   1.58634e-05    0.00114317      0.125933  -2.76444e-05      0.999947     0.0103063      0.333404   -0.00114294    -0.0103063      0.999946    -0.0339098
            1   0.000131435   0.000984217      0.132079  -0.000140899      0.999954    0.00962115      0.330724  -0.000982907   -0.00962128      0.999953     0.0340239
            1   0.000142711   0.000956721      0.131269  -0.000152536      0.999947     0.0102775      0.323041  -0.000955204    -0.0102776      0.999947    -0.0221887
     0.999999   0.000277018   0.000980451      0.133024  -0.000287201      0.999946     0.0104013      0.336841  -0.000977517    -0.0104016      0.999945    -0.0412047
     0.999999    0.00018823   0.000998541      0.129131   -0.00019842      0.999948      0.010215       0.36029  -0.000996566    -0.0102152      0.999947    -0.0417163
            1   0.000152213   0.000963012      0.129914  -0.000161855       0.99995     0.0100208      0.340206  -0.000961438     -0.010021      0.999949   -0.00932609
     0.999999   8.11463e-05    0.00106268      0.131229  -9.20221e-05      0.999948     0.0102382      0.326544    -0.0010618    -0.0102383      0.999947    -0.0429394
     0.999999   0.000135423    0.00164513      0.148168   -0.00015198      0.999949     0.0100683      0.358222   -0.00164368    -0.0100685      0.999948     -0.037667
     0.999999   0.000455326    0.00148328      0.137599  -0.000470919      0.999944     0.0105291      0.358285    -0.0014784    -0.0105298      0.999943    -0.0957065
     0.999999    0.00107255   9.12309e-05      0.104795   -0.00107357      0.999927     0.0120732      0.669475  -7.82751e-05    -0.0120733      0.999927     -0.221898
            1   0.000714789    0.00036061      0.134575  -0.000719163      0.999924     0.0122789      0.371259  -0.000351806    -0.0122792      0.999925     -0.199595
     0.999999   2.71228e-05    0.00111463        0.1346  -4.01853e-05      0.999931     0.0117208      0.450458   -0.00111424    -0.0117209      0.999931     -0.188082
            1   0.000228535   0.000963238      0.121923  -0.000238299      0.999948     0.0101486      0.421147  -0.000960869    -0.0101489      0.999948    -0.0967811
     0.999999   0.000243008   0.000987777      0.124416    -0.0002532      0.999947     0.0103309      0.403527  -0.000985214    -0.0103312      0.999946     -0.132493
     0.999999   0.000311224    0.00106155       0.12457  -0.000322071      0.999948     0.0102328      0.415044   -0.00105831    -0.0102331      0.999947     -0.135111
     0.999999   0.000323992    0.00108028      0.127824  -0.000334646      0.999951    0.00987689      0.409218   -0.00107702   -0.00987724      0.999951     -0.137848
     0.999999   0.000404589     0.0010532      0.132652   -0.00041494      0.999951    0.00984625      0.387751   -0.00104917   -0.00984668      0.999951     -0.146433
     0.999999   0.000438191   0.000937019      0.127696   -0.00044708      0.999955    0.00950692      0.383864   -0.00093281   -0.00950733      0.999954     -0.117535
            1   0.000491949      0.000841      0.136965  -0.000499911      0.999955    0.00949266      0.379259  -0.000836292   -0.00949308      0.999955    -0.0895752
            1   0.000588968   0.000587407      0.133019  -0.000593969      0.999963    0.00854919      0.349536  -0.000582351   -0.00854953      0.999963      0.105372
     0.999999    0.00103588   0.000252279      0.120785   -0.00103815      0.999957     0.0092085      0.232615  -0.000242729   -0.00920875      0.999958     0.0431956
     0.999999    0.00123596   0.000224579      0.134637   -0.00123798      0.999957    0.00921684      0.293351  -0.000213178   -0.00921711      0.999957    -0.0295474
            1   0.000873464   0.000142335      0.105192  -0.000874601      0.999966    0.00819048      0.276193  -0.000135176    -0.0081906      0.999966    -0.0174119
            1   0.000792052   0.000300387      0.105324  -0.000794196      0.999974    0.00720513      0.287559  -0.000294672   -0.00720537      0.999974    0.00540715
     0.999999    0.00111903   0.000584618      0.119227    -0.0011236      0.999968    0.00787067      0.304025  -0.000575792   -0.00787132      0.999969  -0.000977416
     0.999999    0.00109613   0.000597924       0.11358   -0.00110074      0.999969    0.00776547      0.292548  -0.000589394   -0.00776612       0.99997    0.00335481
     0.999999    0.00110147   0.000354721      0.110291   -0.00110415       0.99997    0.00763838      0.305229  -0.000346297   -0.00763877      0.999971    0.00832011
     0.999999    0.00119562   0.000506151      0.119729   -0.00119957      0.999968    0.00787879      0.297879  -0.000496715   -0.00787939      0.999969    0.00107878
     0.999999    0.00120012   0.000399294       0.12379   -0.00120322      0.999968    0.00785667      0.291144  -0.000389853   -0.00785714      0.999969     0.0138154
     0.999999    0.00114094   0.000559643      0.131259   -0.00114486      0.999974    0.00705552      0.277272  -0.000551579   -0.00705616      0.999975      0.138403
     0.999999   0.000790494    0.00073815      0.109197  -0.000796256      0.999969    0.00783868      0.180763  -0.000731931   -0.00783926      0.999969     0.0929912
     0.999999   0.000335976    0.00155438     0.0879126    -0.0003526      0.999943     0.0107069      0.454012    -0.0015507    -0.0107074      0.999941      -0.19674
            1   0.000436899   0.000870365     0.0822766  -0.000445056      0.999956    0.00939307      0.473339  -0.000866223   -0.00939345      0.999956     -0.156815
     0.999999   0.000975164   0.000224646      0.102748  -0.000976826      0.999971    0.00752179       0.33793  -0.000217304     -0.007522      0.999972    0.00516571
     0.999999    0.00115738   0.000105287      0.100123   -0.00115815       0.99997    0.00763366      0.276676  -9.64488e-05   -0.00763377      0.999971   -0.00646957
     0.999999    0.00111959   0.000115437      0.100109   -0.00112041      0.999972    0.00735514      0.306798  -0.000107199   -0.00735527      0.999973     0.0210968
     0.999999     0.0012104    3.7862e-05      0.110073   -0.00121065       0.99997      0.007643      0.300012  -2.86098e-05   -0.00764304      0.999971     0.0157763
     0.999999    0.00124617  -4.59821e-05      0.114062   -0.00124577       0.99997    0.00770401      0.294095   5.55811e-05   -0.00770394       0.99997     0.0187495
     0.999999    0.00128136  -9.62279e-05      0.116801    -0.0012806      0.999971    0.00756557        0.3055   0.000105919   -0.00756544      0.999971     0.0226583
     0.999999    0.00125533  -0.000172599       0.11378   -0.00125398       0.99997    0.00760788      0.289494   0.000182145   -0.00760766      0.999971     0.0219123
     0.999999    0.00132587  -0.000177608      0.109971   -0.00132451      0.999971    0.00748996      0.275278   0.000187533   -0.00748972      0.999972     0.0200142
     0.999999    0.00145372  -0.000332767      0.116993   -0.00145135      0.999974    0.00703411      0.305199   0.000342984   -0.00703361      0.999975     0.0495132
     0.999999    0.00139951  -0.000365495      0.112385    -0.0013967       0.99997    0.00759158      0.270664   0.000376109   -0.00759106      0.999971     0.0179612
     0.999999    0.00132455  -0.000374622      0.108454   -0.00132195      0.999976    0.00685366      0.281868   0.000383691   -0.00685315      0.999976      0.161791
