# 3dvolreg matrices (DICOM-to-DICOM, row-by-row):
            1             0             0            -0             0             1             0            -0             0             0             1            -0
            1  -0.000141044  -4.97622e-05     0.0429862   0.000140999             1   -0.00091525    -0.0542687   4.98913e-05   0.000915243             1     -0.094215
            1   1.22007e-05    -2.185e-05    -0.0361748  -1.22152e-05             1  -0.000660602    -0.0518311   2.18419e-05   0.000660602             1    -0.0740643
            1  -0.000329718  -7.22718e-05     0.0375522   0.000329659             1  -0.000819307    -0.0488916   7.25419e-05   0.000819283             1    -0.0933926
            1  -8.45591e-05  -0.000216447     0.0139253   8.43023e-05      0.999999   -0.00118611    -0.0739505   0.000216547    0.00118609      0.999999     -0.141512
            1  -0.000506065  -0.000274662     0.0104023   0.000505691      0.999999    -0.0013609    -0.0626703   0.000275351    0.00136076      0.999999      -0.15154
            1  -0.000582664  -0.000444498     0.0479229   0.000582089      0.999999   -0.00129082    -0.0804247   0.000445249    0.00129056      0.999999      -0.15293
            1  -0.000231404   -0.00045011    -0.0331093   0.000230792      0.999999   -0.00135787    -0.0950928   0.000450423    0.00135776      0.999999     -0.172405
            1  -0.000769875  -0.000631763     0.0102677   0.000769009      0.999999   -0.00137031     -0.101088   0.000632817    0.00136982      0.999999     -0.189651
     0.999999  -0.000702373  -0.000955378     0.0318481    0.00070087      0.999999   -0.00157174     -0.115649   0.000956481    0.00157107      0.999998     -0.219289
            1  -0.000511947  -0.000728385    -0.0593025   0.000510704      0.999998   -0.00170594     -0.112629   0.000729257    0.00170556      0.999998     -0.221287
     0.999999  -0.000871052   -0.00088127     0.0185837   0.000869664      0.999998   -0.00157419     -0.111503    0.00088264    0.00157342      0.999998     -0.202872
     0.999999  -0.000478156  -0.000947777    -0.0431797   0.000476674      0.999999   -0.00156324     -0.111681   0.000948524    0.00156279      0.999998     -0.203896
            1  -0.000421349  -0.000825854    -0.0783914   0.000420324      0.999999   -0.00124098    -0.0982573   0.000826377    0.00124063      0.999999      -0.17254
     0.999999  -0.000647832  -0.000909838    -0.0126587   0.000646411      0.999999   -0.00156086     -0.104159   0.000910848    0.00156027      0.999998     -0.202724
            1  -0.000237608  -0.000766768     -0.103873   0.000236357      0.999999   -0.00163181      -0.11571   0.000767155    0.00163163      0.999998     -0.210211
     0.999999  -0.000586871  -0.000811652    -0.0655935   0.000585663      0.999999   -0.00148783     -0.100892   0.000812525    0.00148735      0.999999     -0.185584
            1  -0.000259784  -0.000847968    -0.0761454   0.000258459      0.999999   -0.00156174     -0.111415   0.000848373    0.00156152      0.999998     -0.197961
            1   2.53893e-05  -0.000765639     -0.138209  -2.66032e-05      0.999999   -0.00158545     -0.115323   0.000765598    0.00158547      0.999998     -0.203704
            1  -0.000261678  -0.000725227      -0.10848   0.000260526      0.999999   -0.00158819     -0.107242   0.000725642    0.00158801      0.999998     -0.206963
            1   4.09661e-05  -0.000940428     -0.120526  -4.25779e-05      0.999999   -0.00171394     -0.128964   0.000940357    0.00171398      0.999998     -0.223359
            1   0.000529674  -0.000759223     -0.211273  -0.000530862      0.999999   -0.00156555     -0.128143   0.000758393    0.00156595      0.999998     -0.208823
            1   0.000357097  -0.000776961     -0.163827  -0.000358214      0.999999   -0.00143805     -0.130421   0.000776447    0.00143833      0.999999     -0.206909
     0.999999   0.000654603  -0.000910363     -0.180829  -0.000656188      0.999998   -0.00174193     -0.145286   0.000909221    0.00174253      0.999998     -0.240749
            1   0.000304267  -0.000928336     -0.180446  -0.000305816      0.999999   -0.00166985     -0.136617   0.000927826    0.00167014      0.999998      -0.24329
            1   0.000198318  -0.000917173     -0.130856   -0.00019989      0.999999   -0.00171434     -0.141006   0.000916832    0.00171452      0.999998     -0.246702
     0.999999   0.000643684   -0.00080765     -0.208292  -0.000644907      0.999999   -0.00151479     -0.149421   0.000806674    0.00151531      0.999999     -0.237331
            1    0.00027912  -0.000775364     -0.156053  -0.000280332      0.999999    -0.0015634     -0.146699   0.000774927    0.00156361      0.999998     -0.242189
     0.999999    0.00078372  -0.000744267     -0.199863  -0.000784848      0.999999   -0.00151681     -0.154874   0.000743077    0.00151739      0.999999     -0.247683
            1    0.00013732  -0.000929887     -0.118511  -0.000138817      0.999999   -0.00160999     -0.141148   0.000929665    0.00161012      0.999998     -0.243054
     0.999999   0.000282718   -0.00103664     -0.141146  -0.000284575      0.999998   -0.00179079     -0.152669    0.00103613    0.00179108      0.999998     -0.268753
            1   0.000357581  -0.000890927     -0.188337  -0.000358902      0.999999   -0.00148308     -0.140999   0.000890396     0.0014834      0.999999     -0.236081
            1   0.000156677  -0.000899902        -0.133  -0.000157967      0.999999   -0.00143288     -0.145831   0.000899677    0.00143302      0.999999     -0.236019
     0.999999   0.000497115  -0.000938043     -0.160967  -0.000498634      0.999999   -0.00162015     -0.166634   0.000937236    0.00162062      0.999998     -0.262326
            1    0.00051086  -0.000791362     -0.200088  -0.000512049      0.999999   -0.00150281     -0.166607   0.000790593    0.00150321      0.999999     -0.256075
            1   0.000348803  -0.000831448     -0.122041  -0.000350254      0.999998   -0.00174579     -0.174635   0.000830838    0.00174608      0.999998     -0.293397
            1   0.000550033  -0.000643661     -0.181618  -0.000551276      0.999998   -0.00193197     -0.186377   0.000642597    0.00193232      0.999998     -0.318492
            1   0.000345133  -0.000542817       -0.1682  -0.000346067      0.999998   -0.00172181     -0.174817   0.000542222      0.001722      0.999998     -0.287579
            1   0.000352138  -0.000773601     -0.126664  -0.000353593      0.999998   -0.00188225     -0.183673   0.000772937    0.00188253      0.999998     -0.306573
            1   0.000533578  -0.000842559     -0.187888  -0.000534984      0.999998   -0.00167019     -0.171329   0.000841667    0.00167064      0.999998     -0.291421
            1  -9.12534e-06  -0.000925381     -0.101709   7.71525e-06      0.999999   -0.00152379     -0.155764   0.000925394    0.00152378      0.999998     -0.283305
            1    0.00023646  -0.000756613     -0.146628   -0.00023749      0.999999   -0.00136217     -0.174615   0.000756291    0.00136235      0.999999      -0.29974
            1   0.000379328  -0.000578845      -0.19232  -0.000379955      0.999999   -0.00108336     -0.184143   0.000578433    0.00108358      0.999999     -0.291486
            1   0.000665123  -0.000390799     -0.154455  -0.000665678      0.999999   -0.00142186     -0.190298   0.000389853    0.00142212      0.999999     -0.317714
     0.999998    0.00191692   0.000927599     -0.315837   -0.00191556      0.999997   -0.00147181     -0.197679  -0.000930417    0.00147003      0.999998     -0.334897
            1    0.00076153  -1.21193e-06     -0.123354  -0.000761531      0.999998   -0.00178556     -0.197927  -1.47826e-07    0.00178556      0.999998     -0.359292
            1   0.000816113  -5.12259e-05     -0.211157  -0.000816181      0.999999   -0.00133113     -0.186504   5.01395e-05    0.00133117      0.999999     -0.325729
            1   0.000391538  -0.000229445     -0.140274  -0.000391773      0.999999   -0.00102524     -0.174662   0.000229043    0.00102533      0.999999     -0.312794
            1   0.000757168  -0.000268743     -0.198148  -0.000757384      0.999999  -0.000804046     -0.192428   0.000268134    0.00080425             1      -0.32277
            1   0.000568008  -0.000383507       -0.1964  -0.000568296             1  -0.000751461     -0.203554    0.00038308   0.000751679             1     -0.325137
            1   0.000247102  -0.000480082     -0.124295  -0.000247528             1  -0.000886775     -0.202259   0.000479863   0.000886893      0.999999     -0.336687
            1   0.000397489  -0.000422765     -0.189097  -0.000397887      0.999999  -0.000940759     -0.210489   0.000422391   0.000940927      0.999999     -0.345182
            1   0.000334039  -0.000430177     -0.187802  -0.000334312             1  -0.000633837     -0.206729   0.000429966    0.00063398             1     -0.318186
            1   0.000277251  -0.000484475     -0.133017  -0.000277539             1  -0.000594404     -0.207225    0.00048431   0.000594539             1     -0.320257
            1   0.000482504   -0.00038443     -0.211611  -0.000482689             1  -0.000481176     -0.207204   0.000384198   0.000481361             1     -0.320313
            1    0.00020173  -0.000417628     -0.133685  -0.000201958             1  -0.000546704     -0.209889   0.000417518   0.000546788             1     -0.329437
            1   0.000371377  -0.000268375     -0.191683  -0.000371454             1  -0.000286821     -0.206488   0.000268268   0.000286921             1     -0.323722
            1  -0.000161726   -0.00043122     -0.101324   0.000161486             1  -0.000557421     -0.213315    0.00043131   0.000557351             1     -0.349089
            1   0.000112661  -0.000277743     -0.152654  -0.000112831             1  -0.000612653     -0.224888   0.000277674   0.000612684             1      -0.36249
            1   0.000251164  -1.80755e-05     -0.207449  -0.000251169             1  -0.000270011     -0.205253   1.80077e-05   0.000270015             1     -0.332517
            1   0.000246683  -0.000224455     -0.126966  -0.000246808             1  -0.000556238     -0.213582   0.000224318   0.000556293             1     -0.356159
            1  -0.000221681  -0.000316326     -0.137465    0.00022166             1   -6.4923e-05     -0.195333   0.000316341   6.48529e-05             1     -0.309753
            1  -0.000329004  -0.000330635    -0.0866442   0.000329055             1   0.000155976     -0.182887   0.000330584  -0.000156085             1     -0.296322
     0.999999    -0.0012826  -0.000651992     -0.111504    0.00128384      0.999997    0.00191551     -0.192851   0.000649533   -0.00191635      0.999998     -0.233763
     0.999998   -0.00182509    -0.0010022    -0.0548294    0.00182719      0.999996    0.00209643     -0.195164   0.000998371   -0.00209826      0.999997      -0.23288
     0.999999   -0.00115585  -0.000413541     -0.100106    0.00115656      0.999998    0.00170552     -0.230932   0.000411569   -0.00170599      0.999998     -0.281437
     0.999998    0.00110149    0.00161242     -0.268637   -0.00110078      0.999999  -0.000442608     -0.265851   -0.00161291   0.000440833      0.999999     -0.420609
     0.999997    0.00120588    0.00193921     -0.156026   -0.00120296      0.999998   -0.00150929     -0.282674   -0.00194102    0.00150696      0.999997     -0.493781
     0.999999    0.00079145    0.00152813     -0.210555  -0.000791048             1  -0.000263206     -0.258383   -0.00152833   0.000261996      0.999999     -0.408345
            1   3.59094e-06   0.000342536    -0.0781697  -3.49332e-06             1  -0.000284964     -0.251471  -0.000342537   0.000284963             1     -0.406835
            1    2.6361e-05   8.05065e-05     -0.194128  -2.64056e-05             1   0.000554823     -0.199439  -8.04919e-05  -0.000554825             1     -0.319207
            1   -0.00013669  -0.000393335    -0.0995502    0.00013697             1   0.000711013     -0.189433   0.000393238  -0.000711067             1     -0.316523
            1  -4.44005e-05  -0.000507006     -0.201992   4.50703e-05      0.999999    0.00132107      -0.19525   0.000506947   -0.00132109      0.999999     -0.283596
     0.999999  -0.000726979   -0.00091259    -0.0595486    0.00072799      0.999999    0.00110778     -0.215896   0.000911784   -0.00110845      0.999999     -0.306193
     0.999999   -0.00060848   -0.00090577      -0.14483   0.000609558      0.999999     0.0011908     -0.224558   0.000905045   -0.00119135      0.999999     -0.306701
     0.999999  -0.000769003  -0.000991489     -0.133409   0.000770438      0.999999    0.00144753     -0.218241   0.000990375   -0.00144829      0.999998     -0.275721
     0.999999  -0.000945839   -0.00112875    -0.0852042   0.000947497      0.999998    0.00146919     -0.220052    0.00112736   -0.00147026      0.999998     -0.271361
     0.999999  -0.000855962   -0.00121354     -0.132711   0.000858105      0.999998    0.00176618      -0.21508    0.00121202   -0.00176721      0.999998     -0.248412
     0.999998    -0.0014429   -0.00129941    -0.0859286    0.00144569      0.999997    0.00215043     -0.186867    0.00129631    -0.0021523      0.999997     -0.213331
     0.999998    -0.0016002    -0.0014903    -0.0536528    0.00160355      0.999996    0.00224887     -0.170906     0.0014867   -0.00225126      0.999996     -0.205534
     0.999998   -0.00158757   -0.00144455    -0.0863285    0.00159148      0.999995    0.00270848      -0.17472    0.00144024   -0.00271077      0.999995     -0.187914
     0.999997   -0.00179569   -0.00155739    -0.0843001    0.00180061      0.999993    0.00316221     -0.160944     0.0015517   -0.00316501      0.999994     -0.148476
     0.999997   -0.00176726   -0.00173457    -0.0509079    0.00177301      0.999993    0.00331934     -0.164042    0.00172869   -0.00332241      0.999993     -0.155583
     0.999998   -0.00151975   -0.00155398     -0.112561    0.00152515      0.999993    0.00347911     -0.168263    0.00154868   -0.00348147      0.999993      -0.16228
     0.999997    -0.0018288   -0.00147236    -0.0556632    0.00183372      0.999993    0.00334522     -0.183367    0.00146623   -0.00334791      0.999993     -0.187296
     0.999997   -0.00174604   -0.00140855    -0.0838317    0.00175081      0.999993    0.00339246     -0.181292    0.00140262   -0.00339492      0.999993     -0.177056
     0.999996   -0.00232233   -0.00165418    -0.0173235    0.00232791      0.999992    0.00338127     -0.169323    0.00164632    -0.0033851      0.999993      -0.16482
     0.999996   -0.00213805   -0.00180061    -0.0345611    0.00214447      0.999991    0.00357197     -0.161439    0.00179296   -0.00357582      0.999992     -0.166864
     0.999996   -0.00219525   -0.00183521    -0.0797391    0.00220252       0.99999    0.00396834     -0.141462    0.00182647   -0.00397236       0.99999     -0.147396
     0.999995   -0.00236062   -0.00194936    -0.0113276    0.00236841      0.999989    0.00400397     -0.154564    0.00193989   -0.00400857       0.99999     -0.145897
     0.999996   -0.00206049   -0.00182917    -0.0916033      0.002068      0.999989    0.00411645     -0.180014    0.00182067   -0.00412022       0.99999      -0.14476
     0.999995   -0.00239582   -0.00184055    -0.0263009    0.00240372      0.999988    0.00430086      -0.16921    0.00183023   -0.00430526      0.999989     -0.128702
     0.999996   -0.00211048   -0.00194198    -0.0453677    0.00211904      0.999988    0.00441368     -0.175757    0.00193265   -0.00441778      0.999988     -0.136302
     0.999996    -0.0026331   -0.00135608    -0.0700598    0.00263815       0.99999    0.00373643     -0.174943    0.00134623   -0.00373999      0.999992     -0.109439
     0.999995   -0.00246327   -0.00179365    -0.0168391    0.00247081      0.999988    0.00421267      -0.18322    0.00178325   -0.00421708       0.99999     -0.097974
     0.999993   -0.00279642   -0.00256149    -0.0737245    0.00280952      0.999983    0.00512315     -0.151204    0.00254712   -0.00513031      0.999984    -0.0422542
     0.999991   -0.00297809   -0.00287562    -0.0223755    0.00299403       0.99998    0.00555376     -0.139176    0.00285902   -0.00556232       0.99998    -0.0328444
     0.999991   -0.00291846   -0.00294778     -0.101107    0.00293633      0.999977    0.00607618     -0.121034    0.00292998   -0.00608478      0.999977   -0.00714097
     0.999989   -0.00344999   -0.00317491    0.00892294    0.00346928      0.999975     0.0060904     -0.118702    0.00315382   -0.00610135      0.999976    -0.0116929
      0.99999   -0.00326641   -0.00306048    -0.0520283    0.00328387      0.999978    0.00571762     -0.134623    0.00304174   -0.00572761      0.999979    -0.0363451
     0.999989    -0.0034492   -0.00308438    -0.0669651     0.0034686      0.999974    0.00630742    -0.0973492    0.00306254   -0.00631805      0.999975     0.0438217
     0.999989   -0.00359875   -0.00297098     0.0156135    0.00361474      0.999979    0.00539595      -0.15403     0.0029515   -0.00540663      0.999981   -0.00992558
     0.999987   -0.00410076   -0.00301937    -0.0115311    0.00411784      0.999975    0.00567204     -0.139434    0.00299604    -0.0056844      0.999979     0.0280077
     0.999984   -0.00464402   -0.00336512      0.116924    0.00466395      0.999971    0.00593984     -0.139611    0.00333744   -0.00595544      0.999977     0.0374669
     0.999989   -0.00410385   -0.00235325     0.0235904    0.00411515       0.99998    0.00481717     -0.161397    0.00233344    -0.0048268      0.999986    -0.0481137
     0.999985   -0.00449708   -0.00300286      0.108508    0.00451099      0.999979    0.00464072      -0.15881    0.00298193    -0.0046542      0.999985    -0.0691255
     0.999984   -0.00438089   -0.00351597     0.0624749    0.00439879      0.999977    0.00509926     -0.164746    0.00349355   -0.00511464      0.999981    -0.0504699
     0.999982    -0.0048266   -0.00365828       0.08828     0.0048471      0.999972     0.0056156     -0.127071    0.00363108   -0.00563323      0.999978   -0.00158655
      0.99998   -0.00493976   -0.00383362      0.116271    0.00496317      0.999969    0.00611991     -0.132538    0.00380327   -0.00613881      0.999974    0.00699387
      0.99998   -0.00492578   -0.00401483     0.0741641    0.00495229      0.999966    0.00661974     -0.133336    0.00398209   -0.00663949       0.99997     0.0349568
     0.999971   -0.00602156   -0.00467248      0.216132    0.00605027      0.999963    0.00615455      -0.21998    0.00463525   -0.00618264       0.99997     -0.088456
     0.999978   -0.00533211   -0.00383976     0.0493604    0.00537314      0.999928      0.010757   -0.00713829    0.00378213    -0.0107774      0.999935      0.364174
     0.999972   -0.00580995   -0.00464422      0.207081    0.00585962      0.999925     0.0107538     -0.038375    0.00458139    -0.0107807      0.999931      0.307319
     0.999973   -0.00575009   -0.00467597      0.105795    0.00580142      0.999922     0.0110381    -0.0332352    0.00461214    -0.0110649      0.999928      0.318684
     0.999966    -0.0064014   -0.00511019      0.185258    0.00646117       0.99991     0.0117658    -0.0332442    0.00503441    -0.0117984      0.999918      0.347375
     0.999969    -0.0061399   -0.00497556      0.146551    0.00619817      0.999911     0.0117834    -0.0540727    0.00490277    -0.0118139      0.999918      0.312127
     0.999967   -0.00645809   -0.00484104      0.151284    0.00651487      0.999909     0.0118051      -0.04207    0.00476436    -0.0118363      0.999919      0.343441
     0.999965   -0.00668021   -0.00493972      0.216643    0.00673805      0.999908     0.0117867    -0.0468553    0.00486053    -0.0118196      0.999918      0.327038
     0.999968   -0.00645393    -0.0048232      0.137871    0.00651118      0.999907     0.0119497    -0.0288802    0.00474563    -0.0119807      0.999917      0.329013
     0.999965   -0.00689679   -0.00466278      0.214893    0.00695091      0.999908     0.0116908     -0.013561    0.00458172    -0.0117228      0.999921      0.316607
     0.999966   -0.00688895    -0.0046411      0.210334    0.00694301      0.999907      0.011735    -0.0536028    0.00455982    -0.0117668       0.99992      0.294679
     0.999967   -0.00672406   -0.00449958      0.133213     0.0067769      0.999907     0.0118328     -0.051647     0.0044196    -0.0118629       0.99992      0.303664
     0.999966   -0.00693535   -0.00445699      0.239484    0.00698728      0.999907     0.0117424    -0.0594493    0.00437514    -0.0117731      0.999921      0.288759
     0.999966   -0.00691607   -0.00457928      0.187123    0.00696987      0.999906     0.0118399    -0.0532424    0.00449696    -0.0118714      0.999919      0.287576
     0.999959   -0.00776235   -0.00460628      0.261808     0.0078163        0.9999     0.0118137     -0.068659    0.00451411    -0.0118493       0.99992      0.260663
     0.999957    -0.0079521   -0.00473111      0.239415    0.00801093      0.999889      0.012548    -0.0690342     0.0046308    -0.0125854       0.99991      0.304783
     0.999959   -0.00774973    -0.0047433      0.145069    0.00781292      0.999879     0.0134516    -0.0610671    0.00463848    -0.0134881      0.999898      0.359294
     0.999955   -0.00816364   -0.00483383      0.260123    0.00822699      0.999879     0.0132347    -0.0783892     0.0047252    -0.0132739      0.999901      0.318039
     0.999956    -0.0083541   -0.00417816      0.296415    0.00840351      0.999893     0.0119514     -0.109913    0.00407788    -0.0119859       0.99992      0.203583
     0.999956   -0.00829967   -0.00447655       0.26961     0.0083528      0.999893      0.011984     -0.087282    0.00437661    -0.0120209      0.999918      0.243898
     0.999954   -0.00826299   -0.00486911      0.304641     0.0083207      0.999894     0.0119529     -0.097549    0.00476983    -0.0119929      0.999917      0.240608
     0.999955   -0.00803229   -0.00502356      0.245629    0.00809289      0.999893     0.0121621    -0.0740419    0.00492534    -0.0122022      0.999913      0.265874
      0.99995   -0.00857448   -0.00509951      0.279717    0.00863778      0.999884     0.0125236    -0.0490216    0.00499154     -0.012567      0.999909      0.288991
      0.99995   -0.00847675   -0.00527716      0.295436    0.00854469      0.999879     0.0129867    -0.0789253    0.00516643    -0.0130311      0.999902      0.291537
     0.999951   -0.00838198    -0.0051994      0.212971    0.00845024      0.999877     0.0132495    -0.0743893     0.0050877    -0.0132928      0.999899      0.325852
     0.999949   -0.00856521   -0.00540801      0.327262    0.00863466      0.999879     0.0129511    -0.0913725    0.00529643    -0.0129972      0.999902      0.284955
     0.999948   -0.00862189   -0.00543175      0.238638    0.00869411      0.999872     0.0134153    -0.0680725    0.00531539    -0.0134619      0.999895      0.314968
     0.999951   -0.00860542   -0.00481354      0.310202    0.00866793      0.999876     0.0131193    -0.0659188    0.00470005    -0.0131604      0.999902       0.28184
     0.999955   -0.00819554   -0.00474423      0.246467    0.00825817      0.999877     0.0133352    -0.0884172    0.00463436    -0.0133738        0.9999      0.295905
     0.999949   -0.00873397   -0.00497255      0.309378    0.00879873      0.999875     0.0131548    -0.0923482    0.00485704    -0.0131978      0.999901      0.287928
     0.999952   -0.00842211   -0.00506292      0.267657    0.00848979      0.999873     0.0134978    -0.0971051     0.0049486    -0.0135401      0.999896      0.295005
     0.999951   -0.00847922     -0.005085      0.245509    0.00854714      0.999873     0.0134879    -0.0829195    0.00496998    -0.0135307      0.999896      0.295498
     0.999959   -0.00785093   -0.00446801      0.248927    0.00790713      0.999888     0.0127021     -0.110044    0.00436779    -0.0127369      0.999909      0.225024
     0.999955   -0.00828189   -0.00452447      0.253032    0.00834167      0.999876      0.013357     -0.106684    0.00441329    -0.0133941      0.999901      0.283435
     0.999957   -0.00825121    -0.0041907       0.24239    0.00830696      0.999875     0.0134645    -0.0883049    0.00407908    -0.0134987      0.999901      0.305019
     0.999965   -0.00745349   -0.00389289      0.219677    0.00750359      0.999887     0.0130192      -0.11463    0.00379542     -0.013048      0.999908      0.246049
     0.999962   -0.00766816   -0.00405091      0.191735    0.00772274      0.999877     0.0136352     -0.111302    0.00394586     -0.013666      0.999899      0.283722
     0.999979   -0.00572658   -0.00303494     0.0788321    0.00576149      0.999916     0.0116208     -0.158745    0.00296814     -0.011638      0.999928      0.138527
     0.999979   -0.00571467   -0.00305189     0.0755173    0.00575097      0.999911     0.0120213     -0.166068    0.00298292    -0.0120386      0.999923      0.151109
     0.999966   -0.00728786   -0.00376832      0.232953    0.00733308        0.9999     0.0121278     -0.127556    0.00367955     -0.012155      0.999919      0.170788
     0.999962   -0.00760293   -0.00425375      0.246494    0.00765641       0.99989      0.012699      -0.11908    0.00415673    -0.0127311       0.99991      0.193166
     0.999958   -0.00800328   -0.00445625      0.230276    0.00806168       0.99988     0.0132448    -0.0949281    0.00434972    -0.0132802      0.999902      0.241017
     0.999958   -0.00794052    -0.0044693      0.251929    0.00800024      0.999877     0.0135075     -0.105524     0.0043615    -0.0135427      0.999899      0.257348
     0.999958    -0.0078963   -0.00454754      0.239495    0.00795746      0.999876     0.0135922     -0.139109    0.00443965    -0.0136278      0.999897       0.23365
     0.999955   -0.00831935   -0.00453887      0.232214    0.00838233      0.999866     0.0140393     -0.131467    0.00442146    -0.0140767      0.999891      0.265438
     0.999954   -0.00834679   -0.00466159       0.31236    0.00841399      0.999858     0.0145879     -0.162097    0.00453916    -0.0146264      0.999883      0.235304
     0.999955   -0.00825386   -0.00461012      0.231181    0.00832139      0.999855     0.0148268     -0.155489    0.00448707    -0.0148645      0.999879      0.238009
     0.999951   -0.00875234   -0.00470195      0.302323    0.00882108      0.999852      0.014803      -0.16993    0.00457169    -0.0148438      0.999879      0.214954
     0.999981     -0.005274    -0.0032344    -0.0225891    0.00530686      0.999934      0.010236     -0.277024     0.0031802     -0.010253      0.999942    -0.0289084
      0.99998   -0.00558234   -0.00295202     0.0747975    0.00560624      0.999951     0.0081497     -0.310013    0.00290638   -0.00816609      0.999962     -0.149804
     0.999971    -0.0065292   -0.00399871      0.169137    0.00656733      0.999932    0.00959674     -0.261117    0.00393578   -0.00962272      0.999946    -0.0489532
     0.999966   -0.00706273   -0.00418979      0.149102    0.00710922      0.999912     0.0111866     -0.236893    0.00411042     -0.011216      0.999929     0.0368816
     0.999979   -0.00538989    -0.0035103     0.0468961    0.00542717      0.999928     0.0106987     -0.273497    0.00345238    -0.0107175      0.999937    -0.0243399
     0.999979   -0.00547294   -0.00333464     0.0026611    0.00550901      0.999925     0.0109042     -0.259038    0.00327471    -0.0109223      0.999935    -0.0141716
     0.999974   -0.00627995   -0.00358802      0.126981    0.00632068      0.999914     0.0114576     -0.253403    0.00351576      -0.01148      0.999928    0.00949105
     0.999978   -0.00590644   -0.00295592     0.0918483    0.00593946      0.999919      0.011291     -0.306327    0.00288899    -0.0113083      0.999932    -0.0330169
     0.999979   -0.00594235    -0.0027134     0.0912654    0.00597232       0.99992     0.0111742     -0.273729    0.00264678    -0.0111902      0.999934    -0.0285697
     0.999978   -0.00604579   -0.00265485      0.148329    0.00607515      0.999919     0.0111938     -0.287849    0.00258696    -0.0112097      0.999934    -0.0304698
     0.999985   -0.00526311    -0.0017805     0.0497972    0.00528188      0.999929     0.0107072     -0.270962    0.00172402    -0.0107164      0.999941    -0.0336625
     0.999976   -0.00636333   -0.00264259      0.193503    0.00639186       0.99992     0.0109322     -0.263096    0.00257282    -0.0109488      0.999937    -0.0167628
     0.999976   -0.00625274   -0.00289347       0.15591    0.00628575      0.999914     0.0115432     -0.263397    0.00282104    -0.0115611      0.999929     0.0115696
      0.99999   -0.00415938   -0.00142692     0.0142107    0.00417319      0.999943    0.00981708     -0.286349      0.001386   -0.00982294      0.999951    -0.0917783
     0.999995   -0.00319108  -0.000424407     0.0145686     0.0031949      0.999952    0.00930753     -0.288522   0.000394686   -0.00930884      0.999957     -0.128509
     0.999992   -0.00364508   -0.00165631    -0.0931628    0.00366451      0.999923      0.011883     -0.315753    0.00161287     -0.011889      0.999928    -0.0424388
     0.999984   -0.00509843   -0.00250987      0.110652    0.00512705       0.99992     0.0115297     -0.289704    0.00245089    -0.0115423       0.99993    -0.0502713
     0.999983    -0.0053425   -0.00240069     0.0575794    0.00537141      0.999911     0.0122016     -0.283307    0.00233529    -0.0122143      0.999923    -0.0124245
      0.99998   -0.00576213   -0.00259721      0.109947    0.00579249      0.999913     0.0118376     -0.252496    0.00252877    -0.0118524      0.999927    0.00661796
     0.999978   -0.00585457   -0.00323625      0.115398    0.00589133      0.999917     0.0114687     -0.257837    0.00316884    -0.0114875      0.999929   -0.00214064
     0.999978   -0.00562514   -0.00343893     0.0463495    0.00566404      0.999919     0.0114072     -0.223336    0.00337448    -0.0114264      0.999929     0.0420128
     0.999982   -0.00493181    -0.0035359     0.0770385    0.00496588      0.999941    0.00969167     -0.177775    0.00348789   -0.00970905      0.999947    0.00860064
     0.999994   -0.00317002   -0.00115727    -0.0454715     0.0031844      0.999915     0.0126453      0.184074    0.00111709    -0.0126489      0.999919      0.549872
      0.99999     -0.004011   -0.00208598      0.124313    0.00403782      0.999907     0.0130136      0.113866    0.00203359    -0.0130219      0.999913      0.509527
      0.99999   -0.00371576   -0.00256095      0.032194    0.00374992      0.999902     0.0134627      0.107382    0.00251068    -0.0134721      0.999906       0.53158
     0.999984   -0.00444418   -0.00346347      0.088888    0.00449227      0.999892     0.0140024      0.085668    0.00340087    -0.0140178      0.999896      0.520279
