# 3dvolreg matrices (DICOM-to-DICOM, row-by-row):
            1             0             0            -0             0             1             0            -0             0             0             1            -0
            1  -4.88228e-05    0.00011975    0.00460894   4.88978e-05             1  -0.000626131     0.0621541  -0.000119719   0.000626137             1     -0.032458
            1  -0.000180667   0.000169887     0.0102275   0.000180708             1  -0.000240002     0.0175197  -0.000169843   0.000240032             1    -0.0240165
            1  -0.000223089   0.000288229     0.0338551   0.000223183             1  -0.000325277     0.0324858  -0.000288157   0.000325341             1   -0.00191436
            1  -0.000301121   0.000265563      0.019153   0.000301198             1  -0.000290193     0.0516346  -0.000265476   0.000290273             1    -0.0263913
            1  -0.000335909   0.000278916      0.030684   0.000335832             1   0.000275175     0.0115744  -0.000279008  -0.000275082             1    -0.0185889
            1   -0.00047353   0.000369453     0.0210614   0.000473584             1  -0.000145998     0.0709811  -0.000369384   0.000146173             1    -0.0255735
            1  -0.000543278   0.000240348     0.0232812   0.000543264             1    5.8403e-05     0.0286758  -0.000240379  -5.82725e-05             1    -0.0229762
            1  -0.000693594   0.000266439     0.0323019   0.000693478             1   0.000435602     0.0417138  -0.000266741  -0.000435417             1    -0.0159024
            1  -0.000704515   0.000500558     0.0370809   0.000704595             1  -0.000160629     0.0809201  -0.000500445   0.000160982             1    -0.0261282
     0.999998   -0.00205167   0.000129528     0.0104109    0.00205152      0.999997     0.0011457      0.104321  -0.000131879   -0.00114543      0.999999     -0.114836
     0.999988   -0.00485775   0.000175046    -0.0666553    0.00485775      0.999988   6.86045e-06      0.359068  -0.000175077  -6.01004e-06             1     -0.189622
      0.99999   -0.00439332    3.0573e-05    -0.0526878    0.00439317      0.999984    0.00369875    -0.0394241  -4.68223e-05   -0.00369858      0.999993     -0.279582
     0.999997   -0.00225889   0.000760834     0.0435486    0.00225718      0.999995    0.00224502     0.0980115  -0.000765901    -0.0022433      0.999997     -0.151254
     0.999997   -0.00212474    0.00101108      0.077419    0.00212256      0.999995    0.00215821      0.116218   -0.00101566   -0.00215606      0.999997     -0.103877
     0.999997   -0.00185819    0.00172924     0.0850036    0.00185594      0.999997     0.0013011      0.149573   -0.00173165   -0.00129788      0.999998     -0.113894
     0.999997    -0.0019109    0.00175321      0.109874    0.00190869      0.999997    0.00126126      0.115148   -0.00175562   -0.00125791      0.999998     -0.116851
     0.999996   -0.00216115    0.00196177      0.129099     0.0021594      0.999997    0.00089703      0.123887    -0.0019637   -0.00089279      0.999998      -0.10729
     0.999996   -0.00204152    0.00203334      0.122488    0.00203969      0.999998   0.000902543      0.136533   -0.00203518  -0.000898392      0.999998     -0.125568
     0.999996   -0.00201708    0.00189981      0.132842    0.00201396      0.999997    0.00164299     0.0883019   -0.00190311   -0.00163916      0.999997     -0.109811
     0.999995   -0.00190389    0.00239823      0.135324    0.00190141      0.999998    0.00103652       0.16048    -0.0024002   -0.00103195      0.999997     -0.132916
     0.999995   -0.00195784    0.00230458      0.143599    0.00195417      0.999997    0.00159227      0.132522   -0.00230769   -0.00158776      0.999996     -0.153859
     0.999996   -0.00180694    0.00234856      0.158588    0.00180493      0.999998   0.000858542      0.130066   -0.00235011  -0.000854299      0.999997     -0.132376
     0.999995   -0.00202184    0.00235384      0.139952    0.00201926      0.999997    0.00109826      0.153973   -0.00235605    -0.0010935      0.999997     -0.160048
     0.999995   -0.00214876    0.00234249      0.169321    0.00214553      0.999997    0.00138001      0.100851   -0.00234545   -0.00137498      0.999996     -0.127458
     0.999995   -0.00220634    0.00238421      0.149003    0.00220395      0.999997    0.00100347      0.158954   -0.00238642  -0.000998214      0.999997      -0.15108
     0.999995   -0.00218484    0.00210568      0.155543    0.00218241      0.999997    0.00115656      0.115765    -0.0021082   -0.00115196      0.999997     -0.147243
     0.999996   -0.00194159    0.00209544      0.154057    0.00193981      0.999998   0.000849731      0.127927   -0.00209709  -0.000845663      0.999997     -0.128293
     0.999996   -0.00190421    0.00201068       0.13929    0.00190314      0.999998    0.00053426      0.126811    -0.0020117  -0.000530431      0.999998     -0.129733
     0.999995   -0.00217609     0.0021042       0.16746    0.00217354      0.999997    0.00121044     0.0968115   -0.00210683   -0.00120586      0.999997     -0.117744
     0.999995   -0.00214513    0.00221469      0.161627    0.00214353      0.999997   0.000724917       0.15134   -0.00221624  -0.000720166      0.999997     -0.140551
     0.999996   -0.00211086     0.0021141      0.158957    0.00210959      0.999998   0.000605912      0.124804   -0.00211538   -0.00060145      0.999998     -0.154126
     0.999996   -0.00218952    0.00189861      0.172974    0.00218806      0.999997   0.000774025      0.104055    -0.0019003  -0.000769868      0.999998     -0.136818
     0.999995    -0.0021854    0.00225807      0.166649     0.0021846      0.999998    0.00035592      0.140241   -0.00225884  -0.000350985      0.999997     -0.140186
     0.999995   -0.00233918    0.00196237      0.166556    0.00233738      0.999997   0.000919924         0.107   -0.00196452  -0.000915333      0.999998     -0.139055
     0.999996   -0.00215968    0.00206267      0.167943    0.00215895      0.999998   0.000357906      0.123853   -0.00206344  -0.000353451      0.999998     -0.118431
     0.999995   -0.00227977    0.00214391      0.163745    0.00227838      0.999997   0.000649634      0.131141   -0.00214539  -0.000644746      0.999997     -0.144234
     0.999995    -0.0024125    0.00202403      0.172487    0.00241081      0.999997   0.000837009       0.10947   -0.00202604  -0.000832126      0.999998      -0.13595
     0.999995   -0.00236167    0.00230198      0.166716    0.00236071      0.999997   0.000419723      0.146501   -0.00230296  -0.000414286      0.999997     -0.135788
     0.999995   -0.00243475    0.00207938      0.161311    0.00243331      0.999997   0.000694995      0.110875   -0.00208107  -0.000689932      0.999998     -0.127411
     0.999995   -0.00244985    0.00215707      0.178323     0.0024484      0.999997   0.000676139      0.115846   -0.00215872  -0.000670854      0.999997     -0.109395
     0.999995   -0.00242127    0.00217405      0.159118    0.00242019      0.999997   0.000498706      0.138265   -0.00217525  -0.000493442      0.999998     -0.127815
     0.999996   -0.00231411    0.00185484      0.162999    0.00231267      0.999997   0.000777316     0.0868766   -0.00185663  -0.000773023      0.999998     -0.120035
     0.999995   -0.00232782    0.00215001      0.151783    0.00232716      0.999997   0.000308114      0.132921   -0.00215072  -0.000303109      0.999998     -0.122669
     0.999995   -0.00213437    0.00219362      0.149414    0.00213277      0.999997   0.000730387      0.101878   -0.00219518  -0.000725705      0.999997      -0.11435
     0.999996   -0.00195144    0.00205289      0.151129    0.00195045      0.999998   0.000485941      0.115435   -0.00205384  -0.000481935      0.999998    -0.0858176
     0.999996   -0.00196663    0.00219814      0.150875    0.00196592      0.999998   0.000322014      0.118555   -0.00219877  -0.000317692      0.999998     -0.102738
     0.999996   -0.00220166    0.00200185      0.147217    0.00220004      0.999997   0.000812377     0.0972982   -0.00200363  -0.000807969      0.999998      -0.11291
     0.999996   -0.00185222     0.0021797      0.146827    0.00185201      0.999998   9.83183e-05      0.123377   -0.00217988  -9.42811e-05      0.999998     -0.102575
     0.999996   -0.00189041    0.00206383       0.13405       0.00189      0.999998   0.000200585       0.10451   -0.00206421  -0.000196683      0.999998     -0.116087
     0.999996   -0.00192255    0.00192134       0.15032    0.00192159      0.999998   0.000504173      0.087523    -0.0019223   -0.00050048      0.999998    -0.0901999
     0.999996   -0.00186178     0.0022095       0.14653    0.00186163      0.999998    6.8607e-05      0.134061   -0.00220962  -6.44934e-05      0.999998     -0.103167
     0.999996   -0.00213116      0.001988      0.153476    0.00213011      0.999998   0.000531235     0.0933372   -0.00198912  -0.000526998      0.999998     -0.114839
     0.999996   -0.00196082    0.00222538       0.14888    0.00196104      0.999998  -9.67165e-05      0.133872   -0.00222519    0.00010108      0.999998     -0.120472
     0.999996    -0.0019805    0.00202723      0.147266    0.00198025      0.999998   0.000125264      0.101788   -0.00202748  -0.000121249      0.999998     -0.128109
     0.999997   -0.00186004    0.00187368      0.152504    0.00185956      0.999998   0.000254593     0.0946719   -0.00187415  -0.000251108      0.999998    -0.0993644
     0.999996    -0.0020588    0.00209368      0.148509    0.00205914      0.999998   -0.00016301      0.128355   -0.00209334    0.00016732      0.999998     -0.101133
     0.999995   -0.00192258    0.00244191      0.146276    0.00192349      0.999998  -0.000371938      0.111389   -0.00244119   0.000376633      0.999997     -0.107592
     0.999995   -0.00201148    0.00238327      0.163273    0.00201262      0.999998  -0.000475034     0.0828932   -0.00238231   0.000479829      0.999997    -0.0924455
     0.999995   -0.00199569    0.00248909      0.144844    0.00199753      0.999998  -0.000736467      0.120155   -0.00248761   0.000741435      0.999997     -0.107371
     0.999995   -0.00195488    0.00247477      0.156789    0.00195627      0.999998  -0.000560435     0.0778071   -0.00247367   0.000565274      0.999997    -0.0986389
     0.999994   -0.00202724    0.00267894      0.163423    0.00203062      0.999997   -0.00126006      0.108773   -0.00267638    0.00126549      0.999996    -0.0935554
     0.999994   -0.00193209    0.00270418      0.157843    0.00193547      0.999997   -0.00124984      0.100835   -0.00270176    0.00125507      0.999996     -0.117457
     0.999994   -0.00217616    0.00257236      0.165758    0.00217796      0.999997  -0.000695537     0.0721457   -0.00257084   0.000701136      0.999996     -0.107643
     0.999994   -0.00204145    0.00267159      0.155863      0.002045      0.999997   -0.00132616      0.114679   -0.00266887    0.00133161      0.999996     -0.107189
     0.999995   -0.00208713    0.00243203      0.159491    0.00208924      0.999997   -0.00086496      0.083211   -0.00243022   0.000870036      0.999997     -0.100908
     0.999995   -0.00191076    0.00242287      0.171204    0.00191339      0.999998    -0.0010872     0.0883835   -0.00242078    0.00109183      0.999996    -0.0894901
     0.999995   -0.00188081    0.00259348      0.156291    0.00188449      0.999997   -0.00141831      0.110403    -0.0025908    0.00142319      0.999996     -0.124433
     0.999995   -0.00203172    0.00230503      0.174331     0.0020343      0.999997   -0.00111757     0.0595857   -0.00230275    0.00112225      0.999997     -0.111494
     0.999995   -0.00188829    0.00233848      0.160302    0.00189178      0.999997   -0.00149112      0.117143   -0.00233565    0.00149553      0.999996     -0.112757
     0.999995   -0.00198039    0.00242661      0.171873     0.0019841      0.999997   -0.00153016      0.070882   -0.00242357    0.00153497      0.999996     -0.104541
     0.999995   -0.00202423    0.00242779      0.175802    0.00202817      0.999997   -0.00162027     0.0968349    -0.0024245    0.00162519      0.999996     -0.102194
     0.999995   -0.00182023    0.00252414      0.167171    0.00182529      0.999996   -0.00200528     0.0917477   -0.00252048    0.00200987      0.999995     -0.113618
     0.999995   -0.00191061    0.00237409      0.175459    0.00191442      0.999997   -0.00160413     0.0505341   -0.00237102    0.00160867      0.999996     -0.101996
     0.999995   -0.00185929    0.00260905      0.168412    0.00186482      0.999996   -0.00212012      0.104053   -0.00260509    0.00212497      0.999994    -0.0921654
     0.999995   -0.00199842    0.00233797      0.174387    0.00200217      0.999997    -0.0016008     0.0650735   -0.00233477    0.00160547      0.999996     -0.101713
     0.999995   -0.00193098    0.00254204      0.174971    0.00193636      0.999996   -0.00211639     0.0982518   -0.00253794     0.0021213      0.999995    -0.0975624
     0.999995   -0.00205728    0.00255405      0.171736    0.00206241      0.999996   -0.00200689     0.0711479   -0.00254991    0.00201214      0.999995     -0.111344
     0.999994   -0.00247791     0.0025174      0.179018    0.00248189      0.999996   -0.00157705     0.0633123   -0.00251349    0.00158329      0.999996    -0.0993713
     0.999992   -0.00258728    0.00293611      0.175163    0.00259454      0.999994   -0.00246925     0.0948537    -0.0029297    0.00247685      0.999993     -0.105224
     0.999991   -0.00296943     0.0028705      0.194714    0.00297528      0.999993   -0.00203714     0.0461473   -0.00286443    0.00204566      0.999994     -0.101131
     0.999992   -0.00305643    0.00276507      0.167252    0.00306197      0.999993   -0.00200117       0.11341   -0.00275894    0.00200962      0.999994     -0.127415
     0.999992   -0.00294547    0.00284584      0.173854    0.00295088      0.999994   -0.00189569     0.0482074   -0.00284024    0.00190407      0.999994     -0.104813
     0.999991   -0.00301201    0.00294288      0.181754    0.00301827      0.999993   -0.00212401     0.0742436   -0.00293646    0.00213288      0.999993    -0.0870258
     0.999992   -0.00294706    0.00284866      0.168833    0.00295332      0.999993   -0.00219428     0.0726639   -0.00284217    0.00220267      0.999994     -0.111231
     0.999991   -0.00311145    0.00271363      0.186546    0.00311655      0.999993   -0.00187496     0.0423693   -0.00270778     0.0018834      0.999995    -0.0986521
     0.999992   -0.00299068    0.00282663      0.173143    0.00299745      0.999993   -0.00239222     0.0820406   -0.00281945    0.00240067      0.999993     -0.104667
     0.999992   -0.00304174    0.00266417      0.174551    0.00304668      0.999994   -0.00185474      0.057443   -0.00265851    0.00186285      0.999995    -0.0946624
     0.999992   -0.00283042    0.00273978      0.177842    0.00283597      0.999994    -0.0020247     0.0759038   -0.00273403    0.00203245      0.999994       -0.0694
     0.999993   -0.00274634    0.00272141      0.173637    0.00275148      0.999994   -0.00188639      0.076704   -0.00271621    0.00189386      0.999995    -0.0945768
     0.999992   -0.00302594    0.00262884      0.183357    0.00303028      0.999994    -0.0016479      0.066225   -0.00262384    0.00165585      0.999995    -0.0890612
     0.999991    -0.0029913    0.00293316      0.173735    0.00299815      0.999993   -0.00233422     0.0920088   -0.00292615    0.00234299      0.999993    -0.0973973
     0.999992   -0.00315002    0.00244289       0.17155     0.0031537      0.999994   -0.00150228     0.0413115   -0.00243814    0.00150997      0.999996    -0.0916595
     0.999992   -0.00284558    0.00275361       0.17611    0.00285126      0.999994      -0.00206     0.0823165   -0.00274773    0.00206784      0.999994     -0.076941
     0.999992   -0.00308712    0.00264002       0.17411    0.00309184      0.999994   -0.00178585     0.0777525   -0.00263449      0.001794      0.999995    -0.0988715
     0.999992   -0.00305682    0.00262501      0.178449    0.00306125      0.999994   -0.00168456     0.0558053   -0.00261984    0.00169258      0.999995    -0.0856845
     0.999991   -0.00296824    0.00302332      0.169465    0.00297511      0.999993   -0.00226961      0.091062   -0.00301657    0.00227858      0.999993    -0.0998486
     0.999991     -0.003272    0.00263212      0.188146    0.00327614      0.999993   -0.00157234     0.0408935   -0.00262696    0.00158095      0.999995    -0.0838077
     0.999991   -0.00313702     0.0027609      0.183582    0.00314282      0.999993   -0.00209886     0.0900252    -0.0027543    0.00210751      0.999994    -0.0824584
     0.999991   -0.00314382    0.00277416      0.175527    0.00314951      0.999993   -0.00205023     0.0770288   -0.00276769    0.00205895      0.999994     -0.104771
     0.999991   -0.00327073    0.00280084      0.187587    0.00327617      0.999993   -0.00193817     0.0558608   -0.00279448    0.00194733      0.999994     -0.095067
     0.999988   -0.00455122    0.00202101      0.155695    0.00455723      0.999985   -0.00298275     0.0519293   -0.00200741    0.00299192      0.999994     -0.175103
     0.999982   -0.00509975      0.003124      0.179912    0.00510555      0.999985   -0.00185133    0.00455516   -0.00311452    0.00186725      0.999993    -0.0407547
     0.999985   -0.00432826    0.00342623      0.179939    0.00434263      0.999982   -0.00419779     0.0262583     -0.003408     0.0042126      0.999985    -0.0831662
     0.999986   -0.00437248    0.00311475      0.210776    0.00438348      0.999984   -0.00353293    -0.0521045   -0.00309925    0.00354654      0.999989     -0.049431
     0.999985   -0.00405075    0.00368296       0.19637    0.00406735      0.999982   -0.00450953        0.0205   -0.00366462    0.00452444      0.999983    -0.0533184
     0.999984   -0.00477217    0.00295389      0.198006    0.00478081      0.999984   -0.00292555   -0.00547665   -0.00293988    0.00293963      0.999991     -0.064011
     0.999983   -0.00481164    0.00320724      0.210462    0.00482221      0.999983   -0.00329673  -0.000916984   -0.00319132    0.00331214      0.999989    -0.0347317
     0.999984   -0.00482596    0.00290202      0.196017    0.00483638      0.999982   -0.00359338     0.0129031   -0.00288462    0.00360736      0.999989    -0.0400837
     0.999984   -0.00480031    0.00283517      0.196549    0.00481028      0.999982   -0.00351939    -0.0396292   -0.00281823    0.00353298       0.99999    -0.0273463
     0.999984   -0.00493383    0.00271467      0.186469    0.00494553      0.999978   -0.00432109    0.00268801   -0.00269329    0.00433444      0.999987     -0.039708
     0.999984   -0.00488141    0.00293301      0.186778    0.00489655      0.999975   -0.00517789    -0.0152097   -0.00290766    0.00519217      0.999982    -0.0636874
     0.999983   -0.00522058    0.00250218       0.19216    0.00523156      0.999977   -0.00440027    -0.0530163   -0.00247915    0.00441329      0.999987    -0.0423769
     0.999983   -0.00515185    0.00263473      0.187636    0.00516639      0.999971   -0.00554182    -0.0276271   -0.00260611    0.00555534      0.999981     -0.031146
     0.999982   -0.00559447    0.00235256      0.181993    0.00560641      0.999971   -0.00510286    -0.0500933   -0.00232395    0.00511596      0.999984    -0.0437018
     0.999981    -0.0054923     0.0027531       0.19233    0.00550843      0.999968   -0.00588402    -0.0424369    -0.0027207    0.00589908      0.999979    -0.0275735
     0.999982   -0.00557516    0.00231643      0.180624    0.00558948      0.999965    -0.0062215    -0.0738077   -0.00228167    0.00623434      0.999978    -0.0414061
     0.999982    -0.0055029    0.00219622      0.181213    0.00551685      0.999964   -0.00639932    -0.0881309   -0.00216092    0.00641133      0.999977     -0.015481
     0.999982   -0.00546492    0.00247299      0.174924    0.00548293      0.999958   -0.00733246    -0.0761649   -0.00243281    0.00734589       0.99997    -0.0210175
     0.999983   -0.00542442    0.00216902      0.176399    0.00543919      0.999962   -0.00686479     -0.114887    -0.0021317    0.00687647      0.999974    -0.0198116
     0.999982    -0.0054119     0.0026101      0.185712    0.00543289      0.999952   -0.00810124    -0.0859766   -0.00256613    0.00811528      0.999964   -0.00426779
     0.999982   -0.00552687    0.00232958      0.182344    0.00554398      0.999957   -0.00740201     -0.106136   -0.00228858     0.0074148       0.99997    -0.0186972
     0.999983   -0.00534795    0.00235844      0.192177      0.005365      0.999959   -0.00728432     -0.110816   -0.00231939    0.00729685      0.999971     0.0024087
     0.999981   -0.00558991     0.0026632      0.187801    0.00561063      0.999954   -0.00783427    -0.0970942   -0.00261929    0.00784906      0.999966     -0.016039
     0.999979   -0.00593221    0.00246977      0.181832    0.00595008      0.999956   -0.00729352     -0.104323    -0.0024264    0.00730806       0.99997    -0.0270065
     0.999981   -0.00553895    0.00264588      0.179814    0.00556026      0.999952   -0.00811631    -0.0859119    -0.0026008    0.00813087      0.999964    -0.0139345
     0.999982   -0.00556079    0.00204872      0.168889    0.00557487       0.99996   -0.00693377    -0.0976821   -0.00201008    0.00694507      0.999974    -0.0176638
     0.999982    -0.0056539    0.00221459      0.186552    0.00567085      0.999954   -0.00772308    -0.0786016   -0.00217082     0.0077355      0.999968    0.00534687
      0.99998   -0.00602053    0.00193506      0.175397    0.00603452      0.999955   -0.00730919    -0.0785463   -0.00189097    0.00732072      0.999971    -0.0301933
      0.99998   -0.00601175    0.00218804        0.1881    0.00602759      0.999955   -0.00730644     -0.101246   -0.00214402    0.00731948      0.999971    -0.0249908
     0.999977   -0.00637211    0.00227186      0.182136    0.00639029      0.999947   -0.00808906    -0.0910629   -0.00222019    0.00810339      0.999965    -0.0244702
     0.999977    -0.0064637     0.0020162      0.179966    0.00647814      0.999953   -0.00724129      -0.11259    -0.0019693    0.00725418      0.999972    -0.0237695
     0.999975   -0.00664679    0.00233384      0.187742    0.00666562      0.999945   -0.00815551    -0.0720837    -0.0022795    0.00817087      0.999964    -0.0129203
     0.999976   -0.00657452    0.00229942      0.179659    0.00659194      0.999949   -0.00765109     -0.088825     -0.002249    0.00766607      0.999968    -0.0337045
     0.999971   -0.00715938    0.00248729      0.197939    0.00717776      0.999946      -0.00746     -0.116242   -0.00243375    0.00747764      0.999969    -0.0184218
     0.999972    -0.0070955    0.00250201      0.180786    0.00711501      0.999944   -0.00787655     -0.076285   -0.00244598    0.00789412      0.999966    -0.0188012
     0.999971   -0.00726742    0.00233917      0.176304    0.00728492      0.999945   -0.00756456     -0.119827   -0.00228406    0.00758138      0.999969    -0.0169296
     0.999971   -0.00723191    0.00250319      0.177572     0.0072519      0.999941   -0.00806987    -0.0961691   -0.00244469    0.00808778      0.999964   -0.00426446
      0.99997   -0.00739796    0.00247138      0.174263     0.0074176       0.99994   -0.00803416     -0.105984   -0.00241179    0.00805224      0.999965    -0.0271101
     0.999965   -0.00795409    0.00246345      0.181852    0.00797308      0.999938   -0.00779832     -0.123151   -0.00240127     0.0078177      0.999967    -0.0111731
     0.999967   -0.00772952    0.00243335      0.179015    0.00775035      0.999932   -0.00866932     -0.106073   -0.00236617     0.0086879      0.999959     0.0142285
     0.999967   -0.00768881    0.00243669      0.180635    0.00770899      0.999935   -0.00838401      -0.13158   -0.00237207    0.00840252      0.999962     -0.001239
     0.999965   -0.00801409    0.00225618      0.183254     0.0080323      0.999934   -0.00818284     -0.146787   -0.00219045    0.00820068      0.999964    0.00840275
     0.999966   -0.00792157    0.00243358      0.180551    0.00794276       0.99993   -0.00882464     -0.115962   -0.00236351    0.00884366      0.999958   -0.00422261
     0.999966   -0.00792759    0.00206798      0.166473    0.00794405      0.999936   -0.00807747     -0.145711   -0.00200381    0.00809363      0.999965    -0.0029838
     0.999965    -0.0080001    0.00245925       0.17856    0.00802144      0.999929   -0.00879008     -0.121066   -0.00238876     0.0088095      0.999958      0.021531
     0.999966     -0.007865    0.00230741      0.152111    0.00788461      0.999932   -0.00861249     -0.112849   -0.00223952    0.00863039       0.99996     -0.030844
     0.999965   -0.00796094    0.00256616      0.178261    0.00798297       0.99993   -0.00868862     -0.138695   -0.00249681    0.00870881      0.999959   -0.00405879
     0.999962   -0.00840997    0.00227247      0.169909    0.00842919      0.999928   -0.00858371     -0.140635   -0.00220011    0.00860254      0.999961   -0.00692641
     0.999946     -0.010332    0.00133019      0.153387      0.010341      0.999922   -0.00694745      -0.14793   -0.00125831    0.00696083      0.999975    -0.0233036
     0.999947   -0.00973504     0.0032671      0.182998     0.0097496      0.999942   -0.00447134    -0.0610246   -0.00322338    0.00450296      0.999985   -0.00566147
      0.99995   -0.00957844    0.00290219      0.164935    0.00959178      0.999943   -0.00461755     -0.094865    -0.0028578    0.00464516      0.999985    -0.0269184
     0.999943    -0.0102011    0.00311566       0.19372     0.0102154      0.999937   -0.00458791     -0.131509   -0.00306866    0.00461948      0.999985    -0.0424831
     0.999943    -0.0103267    0.00282321      0.155376     0.0103442      0.999927   -0.00628256     -0.117758   -0.00275812     0.0063114      0.999976    -0.0797687
     0.999946     -0.010193    0.00194641      0.174983     0.0102048      0.999929   -0.00619057     -0.150566   -0.00188317     0.0062101      0.999979    -0.0393253
     0.999944    -0.0101659    0.00283323      0.173415     0.0101852      0.999924   -0.00687639     -0.108705   -0.00276311    0.00690486      0.999972     -0.035356
     0.999942    -0.0104821    0.00238403      0.176517     0.0104971      0.999925    -0.0063615     -0.136284   -0.00231717    0.00638615      0.999977    -0.0152629
     0.999957   -0.00907553    0.00194575     0.0850671    0.00908992       0.99993    -0.0075144     -0.208375   -0.00187742    0.00753177       0.99997     -0.153826
     0.999956   -0.00914723    0.00217638      0.138065    0.00916178      0.999935   -0.00677284     -0.277379   -0.00211428    0.00679248      0.999975     0.0235904
      0.99995   -0.00970416    0.00239865      0.152465    0.00971899      0.999933    -0.0062492     -0.316123   -0.00233784     0.0062722      0.999978      0.162456
     0.999948   -0.00996892    0.00226663      0.135457    0.00998445      0.999926   -0.00694699       -0.2484   -0.00219721    0.00696926      0.999973      0.139306
     0.999941    -0.0105882    0.00229219      0.141068     0.0106038       0.99992   -0.00690095      -0.32197   -0.00221893    0.00692485      0.999974      0.166363
     0.999936    -0.0110592    0.00224415      0.128449     0.0110759       0.99991   -0.00758841     -0.271026   -0.00216003    0.00761278      0.999969      0.157172
     0.999937     -0.011032    0.00194474      0.117758     0.0110455      0.999914   -0.00706296     -0.317475   -0.00186665      0.007084      0.999973      0.164986
      0.99994    -0.0108117    0.00178393     0.0958989     0.0108259      0.999908   -0.00812254     -0.300702   -0.00169595    0.00814137      0.999965      0.170025
     0.999939    -0.0108867    0.00167639     0.0941587     0.0108987      0.999914   -0.00730331     -0.343715   -0.00159674    0.00732114      0.999972      0.178095
     0.999929    -0.0117106    0.00199904      0.100304      0.011726        0.9999   -0.00786168     -0.307185   -0.00190678    0.00788456      0.999967      0.184866
     0.999927    -0.0119133    0.00182811     0.0854043     0.0119263      0.999902   -0.00730028     -0.326399   -0.00174096    0.00732155      0.999972      0.173896
      0.99993    -0.0116917    0.00157053     0.0963588     0.0117034      0.999903   -0.00760321     -0.344829   -0.00148148    0.00762106       0.99997      0.200019
     0.999935    -0.0113143    0.00169466     0.0764936     0.0113274      0.999904   -0.00793875     -0.313991   -0.00160467    0.00795742      0.999967      0.194428
     0.999935    -0.0112614    0.00161102     0.0871633     0.0112733      0.999908   -0.00758538     -0.376722   -0.00152545    0.00760305       0.99997      0.221313
     0.999935    -0.0112467    0.00174187     0.0857163     0.0112604      0.999904   -0.00808033      -0.30156   -0.00165083    0.00809942      0.999966      0.188419
     0.999936    -0.0112151     0.0017755     0.0833625     0.0112286      0.999907   -0.00776409     -0.372836   -0.00168826    0.00778352      0.999968      0.210453
     0.999932    -0.0115591    0.00169103     0.0732053     0.0115722      0.999901   -0.00795428     -0.326541   -0.00159892    0.00797331      0.999967      0.211322
     0.999927     -0.011982    0.00165763     0.0642807     0.0119952      0.999895   -0.00815537     -0.351618   -0.00155974    0.00817466      0.999965      0.230088
     0.999923    -0.0122757    0.00153844     0.0690236     0.0122882       0.99989     -0.008359     -0.371342   -0.00143565    0.00837726      0.999964      0.241277
     0.999932    -0.0115653    0.00149575     0.0374035     0.0115781      0.999894   -0.00882163     -0.336368   -0.00139356    0.00883835       0.99996      0.225488
     0.999932    -0.0115521    0.00134423     0.0466154     0.0115628      0.999899   -0.00829495     -0.404342   -0.00124827    0.00830994      0.999965      0.244671
     0.999932    -0.0115765    0.00138181      0.031204      0.011588      0.999896   -0.00857538     -0.331693   -0.00128239    0.00859081      0.999962      0.242773
     0.999927    -0.0119686     0.0014476     0.0305308     0.0119797      0.999897   -0.00790931      -0.35772   -0.00135279    0.00792608      0.999968      0.224711
     0.999933    -0.0114867    0.00136291     0.0366387     0.0114968      0.999905    -0.0076447     -0.358325   -0.00127497    0.00765986       0.99997      0.257102
     0.999935    -0.0113008    0.00132862     0.0277509     0.0113117        0.9999   -0.00854047      -0.35988   -0.00123197    0.00855495      0.999963      0.258918
     0.999937    -0.0112122   0.000967774     0.0317491     0.0112195      0.999906   -0.00788914     -0.391558  -0.000879228     0.0078995      0.999968      0.262659
     0.999937    -0.0111608    0.00123506     0.0335106      0.011171      0.999901   -0.00861178     -0.358606   -0.00113883    0.00862503      0.999962      0.276394
     0.999932    -0.0115789   0.000976668      0.024255     0.0115864        0.9999   -0.00815341      -0.38927  -0.000882163    0.00816418      0.999966      0.265051
     0.999933    -0.0115324   0.000929137     0.0337884     0.0115398      0.999898   -0.00844253      -0.39111   -0.00083168    0.00845269      0.999964      0.285483
     0.999937    -0.0112088   0.000833002     0.0150512     0.0112155        0.9999   -0.00857887     -0.377461   -0.00073676    0.00858767      0.999963      0.268803
      0.99993    -0.0118306   0.000725859     0.0254214     0.0118361      0.999897    -0.0080962     -0.416132  -0.000630001    0.00810422      0.999967      0.279072
     0.999933    -0.0115193   0.000909217     0.0217817     0.0115268      0.999896   -0.00871858     -0.360516  -0.000808691    0.00872848      0.999962      0.281858
     0.999934    -0.0113966     0.0011673     0.0201493      0.011406      0.999899   -0.00844218     -0.374155   -0.00107097    0.00845494      0.999964      0.286379
     0.999936    -0.0112517    0.00111025     0.0260607     0.0112617      0.999893   -0.00938752     -0.445534   -0.00100451    0.00939942      0.999955      0.327392
     0.999943    -0.0106562    0.00105392     0.0172697     0.0106655        0.9999   -0.00923539     -0.404936  -0.000955402     0.0092461      0.999957        0.3013
     0.999943    -0.0105975   0.000907308     0.0222321     0.0106056      0.999899   -0.00944044     -0.421155  -0.000807172    0.00944953      0.999955      0.299042
     0.999939    -0.0110565   0.000650848     0.0211976     0.0110623      0.999891    -0.0097309     -0.421307  -0.000543187    0.00973751      0.999952      0.333792
      0.99994    -0.0109154   0.000451661     0.0097728     0.0109193      0.999891   -0.00991193     -0.408417  -0.000343419    0.00991627      0.999951      0.330674
     0.999934    -0.0114545   0.000254641     0.0114673     0.0114564      0.999888   -0.00960274     -0.456884  -0.000144618    0.00960503      0.999954      0.339182
     0.999935    -0.0113717   5.46112e-05    0.00540634     0.0113717      0.999891   -0.00942243     -0.442105    5.2544e-05    0.00942244      0.999956      0.340367
      0.99994    -0.0109775   0.000114316    0.00607858     0.0109781      0.999889    -0.0100981     -0.413668  -3.45184e-06     0.0100987      0.999949      0.335595
     0.999937    -0.0112044   5.72774e-05   -0.00369931     0.0112044      0.999892   -0.00950666     -0.453808   4.92449e-05     0.0095067      0.999955      0.341968
     0.999934    -0.0114746  -4.93953e-05    0.00757953     0.0114735      0.999888   -0.00964703     -0.489515   0.000160085    0.00964583      0.999953       0.37149
     0.999933    -0.0115892  -0.000201167   -0.00728275     0.0115866      0.999881    -0.0101501     -0.457511   0.000318775     0.0101471      0.999948      0.364394
     0.999933    -0.0115533  -3.94132e-05    -0.0116972     0.0115523      0.999881    -0.0102233     -0.479485   0.000157521     0.0102221      0.999948      0.366678
     0.999929    -0.0118982   -0.00028922    -0.0065439     0.0118947      0.999878    -0.0101468     -0.510575   0.000409913     0.0101426      0.999948      0.378282
      0.99993    -0.0118713  -0.000245315    -0.0145479     0.0118681      0.999874    -0.0105473     -0.472229   0.000370496     0.0105437      0.999944      0.372502
     0.999928    -0.0120063  -0.000272202   -0.00649334      0.012003      0.999879   -0.00992087     -0.520665   0.000391282    0.00991689      0.999951      0.377687
      0.99993     -0.011803  -0.000286256     -0.017332     0.0117994      0.999878    -0.0101955     -0.461942   0.000406558     0.0101914      0.999948      0.355518
     0.999961   -0.00882956   0.000148158       -0.0508    0.00883054      0.999921   -0.00899139    -0.0886064  -6.87561e-05    0.00899235       0.99996     -0.114649
      0.99994   -0.00951371    0.00543382      0.259962    0.00958682      0.999862    -0.0135901     -0.116291   -0.00530377     0.0136414      0.999893      -1.08707
