# 3dvolreg matrices (DICOM-to-DICOM, row-by-row):
            1             0             0            -0             0             1             0            -0             0             0             1            -0
            1   4.03315e-05   9.88046e-05     0.0114995  -4.03628e-05             1   0.000316053     0.0581079  -9.87918e-05  -0.000316057             1     -0.103613
            1  -9.10014e-06   0.000222127    0.00986848    8.9444e-06             1   0.000701155     0.0140477  -0.000222134  -0.000701153             1    -0.0849582
            1  -2.93369e-05   0.000276161     0.0193989   2.91894e-05             1   0.000534074        0.1118  -0.000276177  -0.000534066             1     -0.170802
            1  -5.80431e-05   0.000319973     0.0236479   5.78599e-05             1    0.00057264     0.0388095  -0.000320006  -0.000572621             1     -0.130674
            1  -8.81308e-05   0.000308651     0.0217741   8.80193e-05             1   0.000361181     0.0658465  -0.000308683  -0.000361154             1     -0.167805
            1   -0.00017246   0.000389053       0.01998   0.000172318             1   0.000364506     0.0382994  -0.000389116  -0.000364439             1     -0.149849
            1  -0.000233133   0.000516328     0.0243981   0.000232937             1   0.000379874     0.0378868  -0.000516417  -0.000379754             1     -0.152823
            1  -0.000256465   0.000503881     0.0280492   0.000256454             1   2.19118e-05     0.0829178  -0.000503887  -2.17825e-05             1     -0.159089
            1  -0.000293645   0.000397633     0.0237556   0.000293523             1   0.000305945     0.0151932  -0.000397723  -0.000305828             1     -0.136795
            1  -0.000197282   0.000353645     0.0261875   0.000197333             1  -0.000143124      0.102188  -0.000353617   0.000143194             1     -0.179458
            1  -0.000188378   0.000346861     0.0255242    0.00018837             1   2.46385e-05     0.0244976  -0.000346866  -2.45731e-05             1      -0.14451
            1  -0.000258811   0.000409545     0.0280373    0.00025885             1  -9.46596e-05     0.0962409  -0.000409521   9.47656e-05             1     -0.187814
            1  -0.000292557   0.000332404     0.0322327   0.000292575             1  -5.30297e-05      0.051092  -0.000332388    5.3127e-05             1     -0.162303
            1  -0.000253485   0.000324253     0.0269037   0.000253473             1   3.46398e-05     0.0904041  -0.000324262  -3.45576e-05             1     -0.187124
            1  -0.000258166   0.000451885     0.0235656   0.000258136             1   6.64972e-05     0.0428275  -0.000451902  -6.63806e-05             1     -0.150343
            1  -0.000249195   0.000344344     0.0230121   0.000249193             1   5.54719e-06     0.0858953  -0.000344345  -5.46138e-06             1     -0.181974
            1  -0.000231722   0.000410887     0.0218508   0.000231652             1   0.000169898     0.0464805  -0.000410926  -0.000169803             1     -0.156181
            1  -0.000254748    0.00027088     0.0191453   0.000254761             1   -4.6365e-05     0.0737599  -0.000270868    4.6434e-05             1     -0.188654
            1  -0.000192655   0.000296784     0.0277129   0.000192658             1  -1.04211e-05     0.0327959  -0.000296782   1.04783e-05             1     -0.172566
            1  -0.000299906    0.00036406     0.0276678   0.000300001             1  -0.000263022     0.0734621  -0.000363981   0.000263131             1     -0.199138
            1  -0.000255675   0.000443291     0.0271344   0.000255754             1   -0.00017812     0.0275068  -0.000443245   0.000178234             1     -0.173329
            1  -0.000272403   0.000258925     0.0237211   0.000272478             1  -0.000292177     0.0652909  -0.000258846   0.000292247             1     -0.192934
            1  -0.000228982   0.000274627     0.0230379   0.000229059             1  -0.000280399     0.0217044  -0.000274562   0.000280462             1     -0.166427
            1  -0.000342161   0.000203778     0.0220183   0.000342261             1  -0.000487516     0.0701871  -0.000203611   0.000487586             1     -0.196198
            1  -0.000293332   0.000217903     0.0167867   0.000293359             1  -0.000123248     0.0349976  -0.000217866   0.000123312             1     -0.181715
            1   -0.00028124   0.000290753     0.0169644   0.000281426             1   -0.00064099      0.051388  -0.000290573   0.000641072             1     -0.216719
            1  -0.000269706   0.000225318     0.0198964   0.000269792             1  -0.000381804     0.0159292  -0.000225215   0.000381865             1      -0.19695
            1  -0.000263001   0.000178885     0.0156035   0.000263166             1  -0.000921096     0.0341869  -0.000178642   0.000921143             1     -0.208847
            1  -0.000269477   0.000175354     0.0170517   0.000269576             1  -0.000568328    -0.0284316  -0.000175201   0.000568376             1     -0.182804
            1  -0.000305579   6.17127e-05      0.014708   0.000305612             1  -0.000532848     0.0435175  -6.15499e-05   0.000532867             1     -0.218147
            1  -0.000204477   1.58819e-05     0.0160762   0.000204483             1   -0.00038432      0.012646  -1.58033e-05   0.000384323             1      -0.19597
            1  -0.000257017   0.000186234     0.0139747   0.000257124             1  -0.000573607     0.0719314  -0.000186087   0.000573654             1     -0.224262
            1  -0.000336246   0.000275639     0.0141369   0.000336423             1  -0.000639514     0.0377336  -0.000275424   0.000639607             1     -0.224459
            1  -0.000320909   0.000134247     0.0187529   0.000321008             1  -0.000739509     0.0513191   -0.00013401   0.000739552             1     -0.239752
            1  -0.000302726     0.0001987     0.0246735   0.000302909             1  -0.000919001     0.0251775  -0.000198422   0.000919061             1     -0.217877
            1  -0.000344563   6.80604e-05     0.0178992   0.000344623             1  -0.000873855     0.0619686  -6.77593e-05   0.000873879             1     -0.214135
            1  -0.000327179   0.000116607     0.0176854   0.000327293      0.999999  -0.000976772     0.0737051  -0.000116287    0.00097681             1      -0.22649
            1  -0.000357187  -3.64635e-05     0.0140359   0.000357159             1  -0.000772786     0.0342415   3.67395e-05   0.000772773             1     -0.240552
            1  -0.000326156   0.000121142     0.0219018   0.000326296      0.999999   -0.00115791     0.0791259  -0.000120764    0.00115795      0.999999     -0.254434
            1  -0.000370759   6.58569e-05     0.0192951   0.000370815             1   -0.00084993     0.0321358  -6.55417e-05   0.000849954             1      -0.24708
            1  -0.000352613   0.000125883     0.0150608   0.000352738      0.999999  -0.000996101     0.0519317  -0.000125532   0.000996146      0.999999     -0.233381
            1  -0.000403903   0.000109309     0.0105088   0.000403993             1  -0.000818795     0.0234135  -0.000108978   0.000818839             1     -0.222946
            1  -0.000399111   0.000168273     0.0127258    0.00039931      0.999999    -0.0011858     0.0578881  -0.000167799    0.00118587      0.999999     -0.243959
            1   -0.00036472   0.000118762     0.0176932   0.000364851      0.999999   -0.00110957    0.00334387  -0.000118357    0.00110961      0.999999     -0.230316
            1  -0.000386007   0.000205645      0.014342   0.000386272      0.999999   -0.00128743     0.0635668  -0.000205148    0.00128751      0.999999     -0.231073
            1  -0.000451936   0.000184057    0.00958258   0.000452122      0.999999   -0.00101521     0.0197448  -0.000183598     0.0010153      0.999999     -0.230976
            1  -0.000409152   0.000218858     0.0150324   0.000409479      0.999999   -0.00149879     0.0274718  -0.000218245    0.00149888      0.999999     -0.237737
            1   -0.00039676   5.70719e-05     0.0110833   0.000396824      0.999999   -0.00112296    -0.0264327  -5.66264e-05    0.00112299      0.999999     -0.210974
            1   -0.00047634   1.94041e-05     0.0013054   0.000476373      0.999998    -0.0017166     0.0329518  -1.85864e-05    0.00171661      0.999999      -0.22548
            1  -0.000455887   5.01724e-05    0.00318544   0.000455937      0.999999  -0.000981567     0.0172409  -4.97249e-05    0.00098159             1     -0.209862
            1  -0.000515311   0.000162197    0.00805498   0.000515507      0.999999   -0.00120833     0.0809966  -0.000161574    0.00120841      0.999999     -0.226413
            1  -0.000360951   0.000150659      0.010587   0.000361066             1  -0.000767059     0.0260546  -0.000150382   0.000767113             1     -0.207359
            1  -0.000449139    0.00012299     0.0101996   0.000449306      0.999999   -0.00136362     0.0648702  -0.000122377    0.00136368      0.999999     -0.240468
            1  -0.000468068   0.000177146    0.00484552   0.000468231      0.999999  -0.000924208     0.0110414  -0.000176713   0.000924291             1     -0.214592
            1  -0.000437536   0.000166511    0.00793854   0.000437756      0.999999   -0.00132299     0.0662756  -0.000165932    0.00132307      0.999999     -0.229628
            1  -0.000438127   0.000157122    0.00598129   0.000438267             1  -0.000888697    0.00755988  -0.000156733   0.000888766             1     -0.204969
            1  -0.000460334   0.000132784    0.00840373   0.000460502      0.999999   -0.00126372     0.0735872  -0.000132202    0.00126378      0.999999     -0.237391
            1  -0.000458695   7.51545e-05    0.00561453   0.000458767      0.999999   -0.00096564     0.0102823  -7.47115e-05   0.000965674             1     -0.205194
            1  -0.000440845   0.000167936     0.0115447   0.000441044      0.999999   -0.00118419     0.0500833  -0.000167413    0.00118426      0.999999     -0.237308
            1  -0.000382825   1.73402e-05     0.0141819   0.000382841             1  -0.000894951   -0.00465865  -1.69976e-05   0.000894957             1     -0.213335
            1  -0.000443859   0.000188237    0.00778631   0.000444033      0.999999  -0.000927238     0.0423939  -0.000187826   0.000927321             1     -0.224729
            1  -0.000421925    0.00014401    0.00903931   0.000422021             1  -0.000663979     0.0195672   -0.00014373    0.00066404             1     -0.223034
            1  -0.000456177   0.000179861    0.00805158   0.000456352      0.999999  -0.000974898     0.0251735  -0.000179416    0.00097498             1     -0.212199
            1  -0.000438662   0.000149143    0.00817418   0.000438763             1  -0.000675089      0.022016  -0.000148846   0.000675154             1     -0.221013
            1  -0.000497015   0.000242077     0.0126723   0.000497254      0.999999  -0.000987596     0.0438391  -0.000241586   0.000987716      0.999999     -0.214931
            1  -0.000493968   0.000158892    0.00897881   0.000494072             1  -0.000653969      0.048985  -0.000158569   0.000654048             1     -0.222874
            1  -0.000445713   0.000203649     0.0100752   0.000445898      0.999999  -0.000909273      0.046582  -0.000203244   0.000909363             1     -0.219799
            1  -0.000490446   9.44613e-05    0.00360045   0.000490512             1  -0.000692935     0.0324346  -9.41214e-05   0.000692981             1     -0.232474
            1  -0.000516175   0.000243395    0.00372101   0.000516392      0.999999  -0.000891874     0.0463898  -0.000242934   0.000891999             1     -0.238945
            1  -0.000575866   0.000257854    0.00638166   0.000576119      0.999999  -0.000982769     0.0473138  -0.000257288   0.000982917      0.999999     -0.246535
            1  -0.000495573   0.000311717    0.00731552   0.000495942      0.999999   -0.00118444     0.0499716   -0.00031113    0.00118459      0.999999     -0.218756
            1  -0.000483007   0.000242881    0.00997816   0.000483299      0.999999   -0.00120459      0.062831  -0.000242299     0.0012047      0.999999     -0.231292
            1  -0.000523785   0.000202769    0.00982648   0.000524087      0.999999   -0.00148844     0.0245162  -0.000201989    0.00148854      0.999999     -0.203992
            1  -0.000483337   0.000231853     0.0111514   0.000483623      0.999999   -0.00123304     0.0392548  -0.000231257    0.00123315      0.999999     -0.197186
            1  -0.000455619   0.000252578     0.0115184   0.000455923      0.999999   -0.00120149     0.0660335  -0.000252031    0.00120161      0.999999     -0.199025
            1  -0.000518253   0.000203495    0.00865095    0.00051843      0.999999  -0.000870358     0.0359733  -0.000203044   0.000870464             1     -0.219558
            1  -0.000478171   0.000302217     0.0111867   0.000478488      0.999999   -0.00104896     0.0745528  -0.000301715     0.0010491      0.999999     -0.272511
            1  -0.000451376   0.000184712     0.0129134   0.000451481             1  -0.000567267    -0.0376263  -0.000184455    0.00056735             1     -0.215097
            1  -0.000459757   0.000250409     0.0144429   0.000459996      0.999999  -0.000955448     0.0645582   -0.00024997   0.000955563             1     -0.243877
            1  -0.000430564   0.000237785     0.0111251   0.000430706             1  -0.000597512     0.0249397  -0.000237528   0.000597615             1     -0.228876
            1  -0.000461222   0.000321569     0.0101535   0.000461518      0.999999  -0.000923469     0.0752273  -0.000321143   0.000923617             1     -0.253928
            1  -0.000459142   0.000318202    0.00932667   0.000459326             1  -0.000579933     0.0212273  -0.000317935   0.000580079             1     -0.235963
            1  -0.000439845    0.00033523     0.0163679   0.000440174      0.999999  -0.000980727     0.0705448  -0.000334798   0.000980874      0.999999     -0.249405
            1  -0.000474095   0.000103322    0.00785112   0.000474167             1  -0.000701173     0.0451493  -0.000102989   0.000701222             1     -0.231898
            1  -0.000434158   0.000166016     0.0106391   0.000434313      0.999999  -0.000934977     0.0687688   -0.00016561   0.000935049             1     -0.236274
            1   -0.00046185   7.58141e-05     0.0106898   0.000461893             1  -0.000574514     0.0445477  -7.55488e-05   0.000574549             1     -0.234511
            1  -0.000413808   7.76531e-05     0.0118733   0.000413866             1  -0.000742831     0.0630577  -7.73457e-05   0.000742863             1     -0.241541
            1  -0.000469977   0.000129297      0.010751   0.000470046             1  -0.000537247     0.0364415  -0.000129044   0.000537308             1     -0.242805
            1  -0.000507142   0.000271774      0.014906   0.000507374             1  -0.000855137     0.0430835   -0.00027134   0.000855275             1     -0.231718
            1  -0.000459552    0.00025349     0.0127706   0.000459738             1  -0.000735636     0.0152668  -0.000253151   0.000735752             1     -0.208968
            1  -0.000548473   0.000266167     0.0166185   0.000548751      0.999999   -0.00104469     0.0625256  -0.000265594    0.00104484      0.999999     -0.216389
            1  -0.000577937   0.000165565     0.0110764   0.000578051             1  -0.000691736      0.016241  -0.000165165   0.000691832             1     -0.199283
            1  -0.000561604    0.00023738     0.0143045   0.000561814      0.999999  -0.000888669     0.0698331   -0.00023688   0.000888802             1     -0.223914
            1  -0.000556055   0.000161238      0.014245   0.000556155             1  -0.000620445     0.0371153  -0.000160893   0.000620535             1     -0.212656
            1  -0.000568509   0.000249106     0.0182738   0.000568768      0.999999   -0.00103986      0.081379  -0.000248514       0.00104      0.999999     -0.244907
            1  -0.000482174   0.000159535     0.0210498   0.000482298             1  -0.000776704      0.037972   -0.00015916   0.000776781             1     -0.215514
            1  -0.000528395   0.000197624     0.0174268   0.000528648      0.999999    -0.0012861     0.0822369  -0.000196944    0.00128621      0.999999     -0.231057
            1  -0.000498996   5.15141e-05     0.0110307   0.000499041      0.999999  -0.000889672     0.0649439  -5.10701e-05   0.000889698             1     -0.222722
            1  -0.000482601   0.000134301    0.00761882   0.000482815      0.999999   -0.00160029     0.0313706  -0.000133528    0.00160036      0.999999     -0.214258
            1  -0.000544033   1.53519e-05    0.00404525   0.000544053      0.999999   -0.00132808     0.0355832  -1.46294e-05    0.00132809      0.999999     -0.208346
            1   -0.00059574   0.000205904    0.00357979   0.000596012      0.999999   -0.00132216     0.0532364  -0.000205116    0.00132228      0.999999     -0.210982
            1  -0.000556957   0.000141642   -0.00120306   0.000557089      0.999999  -0.000936688      0.019552   -0.00014112   0.000936767             1     -0.193904
            1  -0.000524538   0.000129014   -0.00251533   0.000524713      0.999999   -0.00135801     0.0606245  -0.000128301    0.00135808      0.999999     -0.209914
            1  -0.000527431   0.000148318    0.00442274   0.000527558      0.999999  -0.000860593    0.00878417  -0.000147864   0.000860672             1      -0.21895
            1   -0.00055968   0.000201523    0.00683111   0.000559894      0.999999    -0.0010625     0.0431539  -0.000200928    0.00106261      0.999999     -0.225774
            1  -0.000508063   0.000139034    0.00821304   0.000508187      0.999999  -0.000893258     0.0225871   -0.00013858   0.000893329             1     -0.225633
            1  -0.000522177   0.000157836     0.0135357    0.00052235      0.999999   -0.00109591     0.0199852  -0.000157263    0.00109599      0.999999     -0.209976
            1  -0.000512128   0.000130218     0.0100687   0.000512276      0.999999   -0.00113715     0.0259231  -0.000129635    0.00113721      0.999999     -0.235916
            1  -0.000518486   0.000191175     0.0126647   0.000518711      0.999999   -0.00117888     0.0200556  -0.000190564    0.00117898      0.999999     -0.220298
            1  -0.000565018   0.000244816     0.0139021   0.000565324      0.999999    -0.0012503     0.0516213  -0.000244109    0.00125044      0.999999     -0.237597
            1  -0.000422395   0.000128141     0.0144565   0.000422518      0.999999  -0.000965284     0.0150931  -0.000127733   0.000965338             1     -0.197058
            1   -0.00057417   0.000160366     0.0126055   0.000574381      0.999999   -0.00131886     0.0782436  -0.000159609    0.00131895      0.999999     -0.239122
            1    -0.0004628   0.000124384     0.0180096    0.00046293      0.999999   -0.00104649     0.0195716  -0.000123899    0.00104655      0.999999     -0.215971
            1  -0.000536404   0.000198986     0.0194576   0.000536646      0.999999   -0.00121904     0.0916943  -0.000198332    0.00121915      0.999999     -0.244493
            1  -0.000487069   0.000209433     0.0179002   0.000487284      0.999999   -0.00102819     0.0218735  -0.000208932    0.00102829      0.999999     -0.214386
            1  -0.000449618   0.000227763     0.0153402   0.000449937      0.999999   -0.00139972     0.0751911  -0.000227133    0.00139982      0.999999     -0.234351
            1  -0.000508999   0.000260106    0.00943443   0.000509281      0.999999     -0.001086     0.0278234  -0.000259553    0.00108614      0.999999     -0.214432
            1  -0.000468934   0.000166753    0.00905723   0.000469109      0.999999   -0.00105555      0.092144  -0.000166258    0.00105563      0.999999     -0.238435
            1  -0.000459811    0.00017257    0.00849359   0.000459905             1  -0.000549318     0.0347405  -0.000172317   0.000549397             1     -0.209435
            1  -0.000516266   8.43503e-05    0.00867268    0.00051635      0.999999  -0.000997531     0.0783851  -8.38352e-05   0.000997575      0.999999     -0.238683
            1  -0.000502729   8.92554e-05     0.0136675   0.000502787             1  -0.000652478     0.0449324  -8.89274e-05   0.000652523             1     -0.214682
            1  -0.000562424   0.000158612     0.0139657   0.000562603      0.999999   -0.00113136     0.0902361  -0.000157975    0.00113145      0.999999      -0.24991
            1  -0.000512706   0.000165601     0.0141966   0.000512848      0.999999  -0.000860191     0.0470053   -0.00016516   0.000860276             1     -0.227632
            1  -0.000547814   0.000197156     0.0140016   0.000548055      0.999999   -0.00122442     0.0835538  -0.000196485    0.00122452      0.999999     -0.243494
            1  -0.000596518    0.00017848     0.0112239   0.000596686      0.999999  -0.000947707     0.0268866  -0.000177914   0.000947813             1     -0.207915
            1   -0.00057591   0.000164862    0.00803337   0.000576096      0.999999   -0.00112805     0.0729429  -0.000164212    0.00112814      0.999999     -0.238984
            1  -0.000567827   0.000209686      0.013969   0.000568049      0.999999   -0.00105983     0.0288249  -0.000209084    0.00105995      0.999999     -0.216521
            1  -0.000566659   0.000117732     0.0137218    0.00056678      0.999999   -0.00103134     0.0565931  -0.000117147    0.00103141      0.999999     -0.239661
            1  -0.000543528   0.000152173     0.0119325   0.000543671      0.999999   -0.00094313     0.0305899   -0.00015166   0.000943212             1     -0.228427
            1  -0.000500372   0.000142204     0.0118603   0.000500537      0.999999   -0.00116711     0.0577522  -0.000141619    0.00116718      0.999999     -0.252555
            1   -0.00042151   0.000319875      0.016547   0.000421906      0.999999   -0.00123955     0.0586184  -0.000319352    0.00123969      0.999999      -0.22964
            1  -0.000530788   0.000228236     0.0152301   0.000531072      0.999999   -0.00124503     0.0664698  -0.000227575    0.00124515      0.999999     -0.238419
            1  -0.000506971    0.00013704     0.0128282   0.000507107      0.999999  -0.000999652     0.0226826  -0.000136533   0.000999721      0.999999     -0.200962
            1  -0.000492384   0.000135741     0.0100254   0.000492546      0.999999     -0.001196     0.0695428  -0.000135152    0.00119607      0.999999     -0.208543
            1  -0.000499661   7.10743e-05     0.0097444   0.000499721             1  -0.000854998     0.0431908   -7.0647e-05   0.000855034             1     -0.193985
            1  -0.000455121   0.000110067     0.0161043   0.000455243      0.999999   -0.00111306     0.0723813   -0.00010956    0.00111311      0.999999     -0.209772
            1  -0.000459019   7.05095e-05     0.0144225   0.000459075             1  -0.000792939     0.0679236  -7.01455e-05   0.000792971             1     -0.214395
            1  -0.000525708   0.000166217     0.0174761   0.000525876      0.999999   -0.00100651     0.0552796  -0.000165688     0.0010066      0.999999     -0.203745
            1  -0.000440762    0.00033692     0.0118921   0.000441331      0.999998   -0.00169241     0.0710779  -0.000336173    0.00169256      0.999999     -0.243536
            1  -0.000394795   0.000532128    0.00669476   0.000395697      0.999998   -0.00169496     0.0576919  -0.000531458    0.00169517      0.999998     -0.206916
            1  -0.000515136   0.000420898    0.00976268   0.000515866      0.999998   -0.00173724     0.0800945  -0.000420002    0.00173746      0.999998     -0.228032
            1  -0.000524835   0.000362029     0.0103217   0.000525409      0.999999   -0.00158742     0.0177121  -0.000361195    0.00158761      0.999999     -0.186945
            1  -0.000622198   0.000256836     0.0126864   0.000622657      0.999998    -0.0017917     0.0345905  -0.000255721    0.00179186      0.999998      -0.20496
            1  -0.000532899    0.00016599    0.00849629   0.000533143      0.999999   -0.00147344   -0.00464586  -0.000165205    0.00147353      0.999999     -0.186003
            1   -0.00051234   0.000256951     0.0119298   0.000512678      0.999999   -0.00132088     0.0645015  -0.000256274    0.00132101      0.999999     -0.238082
            1  -0.000552622   0.000293803     0.0160839   0.000553023      0.999999   -0.00136399     0.0593601  -0.000293049    0.00136416      0.999999      -0.26022
            1  -0.000620724   0.000428016     0.0259974   0.000621245      0.999999    -0.0012193     0.0584197  -0.000427258    0.00121956      0.999999     -0.235081
            1   -0.00065004   0.000285042     0.0116843   0.000650412      0.999999   -0.00130869     0.0735519  -0.000284191    0.00130888      0.999999     -0.236343
            1  -0.000599861   0.000237174     0.0126419   0.000600137      0.999999    -0.0011663      0.041108  -0.000236474    0.00116644      0.999999      -0.20774
            1  -0.000681489   0.000325776     0.0177832   0.000681915      0.999999   -0.00131021     0.0971065  -0.000324882    0.00131043      0.999999     -0.248246
            1   -0.00062111   0.000268096     0.0235629   0.000621387      0.999999   -0.00103412       0.06641  -0.000267454    0.00103429      0.999999     -0.238219
            1  -0.000590004   0.000349056     0.0269741   0.000590571      0.999999   -0.00162696      0.103271  -0.000348095    0.00162717      0.999999     -0.262297
            1  -0.000586287   0.000343568     0.0256336   0.000586773      0.999999   -0.00141404     0.0734835  -0.000342738    0.00141424      0.999999     -0.246228
            1   -0.00054643   0.000337872     0.0246607   0.000547059      0.999998   -0.00186409     0.0731556  -0.000336853    0.00186427      0.999998     -0.242419
            1  -0.000582228   0.000272717     0.0190056   0.000582633      0.999999   -0.00148396     0.0713574  -0.000271853    0.00148412      0.999999     -0.229432
            1  -0.000549971   0.000256418     0.0213334   0.000550367      0.999999   -0.00154468     0.0549206  -0.000255569    0.00154482      0.999999     -0.208467
            1  -0.000580678   0.000112106     0.0183073    0.00058084      0.999999   -0.00145167     0.0248476  -0.000111263    0.00145174      0.999999     -0.235076
            1  -0.000541114   0.000155617      0.017876   0.000541328      0.999999   -0.00137405     0.0663305  -0.000154873    0.00137413      0.999999     -0.248762
            1  -0.000563913   0.000311671     0.0224149     0.0005644      0.999999   -0.00156731     0.0818596  -0.000310787    0.00156749      0.999999     -0.275029
            1  -0.000581371   0.000279819     0.0268181   0.000581874      0.999998   -0.00180327     0.0641451   -0.00027877    0.00180344      0.999998     -0.257725
            1  -0.000290076   0.000276477     0.0294163   0.000290554      0.999998   -0.00172731     0.0357566  -0.000275975    0.00172739      0.999998     -0.196106
            1   -0.00047533   0.000254322     0.0263549   0.000475812      0.999998   -0.00189846      0.110178  -0.000253419    0.00189859      0.999998     -0.254317
            1  -0.000593941   0.000122514     0.0210015   0.000594145      0.999998   -0.00167328     0.0586356   -0.00012152    0.00167335      0.999999     -0.234637
            1  -0.000611385   0.000243535     0.0194754   0.000611743      0.999999   -0.00147158     0.0567041  -0.000242635    0.00147172      0.999999     -0.231506
            1  -0.000660023   0.000230022     0.0217403   0.000660352      0.999999   -0.00143287     0.0475304  -0.000229076    0.00143303      0.999999     -0.217496
            1  -0.000689534   0.000282081     0.0183353    0.00068994      0.999999   -0.00144194     0.0533918  -0.000281086    0.00144214      0.999999     -0.242827
            1  -0.000714453   0.000266958     0.0249721   0.000714969      0.999998   -0.00193831     0.0515406  -0.000265572     0.0019385      0.999998     -0.262419
            1  -0.000782163   0.000293182     0.0268558   0.000782562      0.999999   -0.00136509     0.0117827  -0.000292114    0.00136532      0.999999     -0.247793
            1  -0.000810597   0.000262597     0.0239141   0.000811021      0.999998   -0.00161742     0.0746678  -0.000261285    0.00161763      0.999999     -0.299559
            1  -0.000808746   0.000190013     0.0227948   0.000809098      0.999998   -0.00186121     0.0318016  -0.000188508    0.00186136      0.999998     -0.243192
            1  -0.000810334   0.000270757     0.0188595   0.000810693      0.999999    -0.0013273     0.0597558  -0.000269681    0.00132752      0.999999     -0.265245
     0.999999   -0.00101228   0.000328168     0.0252073    0.00101281      0.999998   -0.00163334     0.0542391  -0.000326514    0.00163367      0.999999     -0.280772
            1  -0.000931264   0.000334892     0.0230579    0.00093185      0.999998    -0.0017521    0.00493446   -0.00033326    0.00175241      0.999998     -0.225007
            1  -0.000902955   0.000259341     0.0100658   0.000903319      0.999999   -0.00140713     0.0113979  -0.000258071    0.00140737      0.999999      -0.23886
            1  -0.000948166   0.000136064    0.00286612   0.000948466      0.999997   -0.00221507     0.0517711  -0.000133963    0.00221519      0.999998     -0.275555
     0.999999   -0.00103017   0.000224426     0.0197076    0.00103055      0.999998   -0.00170061    -0.0322773  -0.000222673    0.00170084      0.999999     -0.273991
     0.999999  -0.000998407   0.000220425     0.0145953   0.000998847      0.999997   -0.00200537    0.00114004  -0.000218423    0.00200559      0.999998     -0.246253
     0.999999   -0.00110628   0.000189387    0.00973254     0.0011066      0.999998   -0.00172231     0.0352822  -0.000187481    0.00172251      0.999998     -0.293264
     0.999999   -0.00113864   0.000308561     0.0155889    0.00113927      0.999997   -0.00202938    -0.0225265   -0.00030625    0.00202973      0.999998      -0.24498
            1  -0.000703957  -0.000136597    -0.0246395    0.00070378      0.999999   -0.00129515    -0.0553631   0.000137509    0.00129505      0.999999      -0.15094
     0.999999  -0.000924628  -0.000571958    -0.0265663   0.000923295      0.999997   -0.00232578     0.0400293   0.000574107    0.00232525      0.999997     -0.218088
     0.999999   -0.00091928  -0.000621243   -0.00876646   0.000917857      0.999997   -0.00228732    -0.0317926   0.000623344    0.00228675      0.999997      -0.22315
     0.999999  -0.000942932  -0.000798503     -0.027186   0.000941237      0.999997   -0.00212071    -0.0164502   0.000800501    0.00211996      0.999997     -0.244389
     0.999999  -0.000994764  -0.000817418    -0.0151654   0.000992879      0.999997   -0.00230272    -0.0143449   0.000819706    0.00230191      0.999997      -0.24373
     0.999999  -0.000990568  -0.000752026    -0.0180407   0.000988519      0.999996    -0.0027199    -0.0330263   0.000754717    0.00271915      0.999996     -0.225509
     0.999999   -0.00104179  -0.000730904   -0.00853534    0.00103985      0.999996   -0.00264283    -0.0176994   0.000733655    0.00264207      0.999996     -0.255464
     0.999999   -0.00112179  -0.000665905    -0.0119581    0.00112033      0.999997    -0.0021979    -0.0501849   0.000668368    0.00219715      0.999997     -0.242994
     0.999999   -0.00117806  -0.000605549    -0.0103468    0.00117654      0.999996   -0.00250546    -0.0137762   0.000608498    0.00250474      0.999997     -0.257859
     0.999999    -0.0012304   -0.00061076    -0.0175208    0.00122887      0.999996   -0.00250414    -0.0513261   0.000613839    0.00250339      0.999997     -0.222345
     0.999999   -0.00117949  -0.000544415    -0.0103444    0.00117797      0.999995   -0.00278566    -0.0346202   0.000547698    0.00278502      0.999996     -0.235633
     0.999999   -0.00127635  -0.000449452    -0.0135538     0.0012753      0.999996   -0.00232255    -0.0492453   0.000452415    0.00232197      0.999997      -0.23318
     0.999999   -0.00131849   -0.00040921    -0.0123326    0.00131747      0.999996   -0.00248827    0.00236349   0.000412489    0.00248773      0.999997     -0.272429
     0.999999   -0.00135163  -0.000288836   -0.00840967    0.00135084      0.999995   -0.00272863    -0.0304574   0.000292523    0.00272823      0.999996     -0.238809
     0.999999   -0.00134904  -0.000357719   -0.00252693    0.00134802      0.999995   -0.00283232     0.0132837   0.000361539    0.00283183      0.999996     -0.271957
     0.999999   -0.00133164  -0.000360256   -0.00528319    0.00133085      0.999997    -0.0021768    -0.0294444   0.000363154    0.00217632      0.999998     -0.265148
     0.999999   -0.00143395  -0.000361864     0.0019156    0.00143295      0.999995   -0.00275365      0.028171   0.000365811    0.00275313      0.999996     -0.315464
     0.999999   -0.00139974  -0.000424839    0.00670642    0.00139864      0.999996   -0.00256864    0.00290638   0.000428432    0.00256805      0.999997     -0.298983
     0.999999    -0.0013394  -0.000389435    0.00878305    0.00133807      0.999993   -0.00339883     0.0215313   0.000393985    0.00339831      0.999994     -0.291337
     0.999999   -0.00139026  -0.000486364     0.0039267    0.00138886      0.999995   -0.00285982    -0.0132631   0.000490337    0.00285914      0.999996     -0.291416
     0.999999   -0.00135763  -0.000419678   0.000144531    0.00135641      0.999995    -0.0028735    -0.0113767   0.000423577    0.00287292      0.999996     -0.280615
     0.999999   -0.00142916  -0.000327046   -0.00310972    0.00142831      0.999996   -0.00259521   -0.00175845   0.000330753    0.00259474      0.999997      -0.23107
     0.999999   -0.00146985  -0.000313583    0.00566518    0.00146893      0.999995   -0.00290547    0.00488812   0.000317852    0.00290501      0.999996      -0.28329
     0.999999   -0.00149587  -0.000279688  -0.000307697    0.00149521      0.999996   -0.00236165    -0.0228262   0.000283219    0.00236123      0.999997     -0.250066
     0.999999   -0.00149793  -0.000363872   -0.00127146    0.00149693      0.999995   -0.00271187      0.017286   0.000367932    0.00271133      0.999996     -0.250228
     0.999999   -0.00145599  -0.000322573    0.00523389    0.00145525      0.999996   -0.00229055   -0.00564299   0.000325907    0.00229008      0.999997     -0.240393
     0.999999   -0.00158251  -0.000330535    0.00352257    0.00158165      0.999995   -0.00259995     0.0287292   0.000334648    0.00259942      0.999997     -0.294456
     0.999999   -0.00154269  -0.000369314    0.00290224    0.00154167      0.999995   -0.00274993   -0.00555675   0.000373555    0.00274936      0.999996     -0.257158
     0.999999   -0.00155066  -0.000308407     0.0160187     0.0015498      0.999995   -0.00276771     0.0306159   0.000312697    0.00276723      0.999996     -0.305425
     0.999999   -0.00168302  -0.000371826    0.00253503    0.00168201      0.999995   -0.00270506    -0.0273607   0.000376376    0.00270443      0.999996     -0.299848
     0.999999   -0.00152016  -0.000454289     0.0114655    0.00151859      0.999993   -0.00342361    -0.0245976    0.00045949    0.00342291      0.999994      -0.29737
     0.999999   -0.00150923  -0.000372674    0.00478851    0.00150826      0.999996   -0.00258774    -0.0688957   0.000376578    0.00258718      0.999997     -0.266718
     0.999999   -0.00156371  -0.000361012    0.00968286    0.00156253      0.999994   -0.00323941    -0.0114582   0.000366075    0.00323884      0.999995     -0.287732
     0.999998   -0.00168147  -0.000541496      0.015809    0.00167993      0.999995   -0.00283995    -0.0392377   0.000546269    0.00283904      0.999996     -0.298615
     0.999998    -0.0017708  -0.000530889    0.00819811    0.00176939      0.999995   -0.00262685     -0.038938   0.000535538     0.0026259      0.999996     -0.308582
     0.999998   -0.00189038  -0.000266095     0.0227391    0.00188946      0.999992   -0.00340569    -0.0785379   0.000272531    0.00340519      0.999994     -0.278719
     0.999998   -0.00211908  -0.000356015     0.0145544    0.00211788      0.999992   -0.00333928    -0.0932304   0.000363088    0.00333852      0.999994     -0.308185
     0.999997   -0.00221165    -0.0004422     0.0137316    0.00220989       0.99999   -0.00393337    -0.0355656   0.000450894    0.00393238      0.999992     -0.321637
     0.999998    -0.0017079   -0.00101371    -0.0375381    0.00170469      0.999994   -0.00316091     -0.119761     0.0010191    0.00315918      0.999994       -0.2095
     0.999998   -0.00195531  -0.000998628    -0.0239155    0.00195219      0.999993   -0.00311849    -0.0615179    0.00100472    0.00311653      0.999995     -0.247721
     0.999998   -0.00190065   -0.00104454   -0.00264006     0.0018974      0.999993    -0.0031032    -0.0622375    0.00105043    0.00310121      0.999995      -0.23846
     0.999998   -0.00200816  -0.000973222   -0.00913149    0.00200536      0.999994   -0.00287091    -0.0396193   0.000978982    0.00286895      0.999995     -0.267887
     0.999997   -0.00208815  -0.000819381  -0.000484478    0.00208583      0.999994   -0.00283059    -0.0225059   0.000825287    0.00282887      0.999996     -0.288441
     0.999998   -0.00206464  -0.000766166   9.67669e-06    0.00206254      0.999994   -0.00273168       -0.0414   0.000771802     0.0027301      0.999996     -0.244137
     0.999997   -0.00221592  -0.000596346      0.014403    0.00221388      0.999992   -0.00339756    -0.0154579    0.00060387    0.00339623      0.999994     -0.245229
     0.999997   -0.00218682  -0.000667975    0.00208248    0.00218498      0.999994   -0.00273906    -0.0829129   0.000673961    0.00273759      0.999996     -0.219427
     0.999997   -0.00215474  -0.000614924    0.00291352    0.00215287      0.999993   -0.00302524  -0.000733781   0.000621438    0.00302391      0.999995     -0.248914
     0.999997   -0.00227512  -0.000614356    0.00854456    0.00227357      0.999994   -0.00250985    -0.0577585   0.000620062    0.00250845      0.999997     -0.210199
     0.999997    -0.0022094  -0.000632412    0.00424018    0.00220745      0.999993   -0.00307624     0.0154362   0.000639204    0.00307483      0.999995     -0.257596
     0.999997   -0.00221972   -0.00070972    0.00290727    0.00221776      0.999994   -0.00273903    -0.0508403   0.000715795    0.00273745      0.999996     -0.225827
     0.999997   -0.00225261  -0.000563949    0.00539798    0.00225086      0.999993   -0.00307787     0.0095109   0.000570879    0.00307659      0.999995     -0.277118
     0.999997     -0.002228  -0.000674723    0.00578264    0.00222611      0.999994   -0.00278217    -0.0302063   0.000680917    0.00278066      0.999996     -0.257543
     0.999997   -0.00215936  -0.000635503    0.00173787    0.00215726      0.999992   -0.00328936     0.0147364   0.000642601    0.00328798      0.999994     -0.275917
     0.999997   -0.00216889  -0.000768212    -0.0086847    0.00216636      0.999992    -0.0032828    -0.0182416   0.000775326    0.00328113      0.999994     -0.257424
     0.999997   -0.00210893  -0.000754646    0.00165852    0.00210601       0.99999   -0.00384211    -0.0225979   0.000762742    0.00384051      0.999992     -0.258745
     0.999997   -0.00216433  -0.000884872   -0.00579991     0.0021615      0.999993   -0.00319538    -0.0459902   0.000891782    0.00319346      0.999995     -0.232608
     0.999997   -0.00223401  -0.000869426   -0.00783323    0.00223106      0.999992   -0.00338044    -0.0136693   0.000876971     0.0033785      0.999994     -0.257684
