# 3dvolreg matrices (DICOM-to-DICOM, row-by-row):
            1             0             0            -0             0             1             0            -0             0             0             1            -0
            1    1.9496e-05   0.000280145   -0.00147662  -1.95487e-05             1   0.000188331     -0.049009  -0.000280142  -0.000188336             1   -0.00390587
            1   0.000225286    5.7127e-05   -0.00506577   -0.00022531             1   0.000426106     -0.013979   -5.7031e-05  -0.000426119             1    -0.0406285
            1  -2.10238e-05  -3.87661e-05   -0.00252519   2.10165e-05             1  -0.000188722       0.09231     3.877e-05   0.000188722             1     -0.130833
            1  -7.91842e-05  -0.000339981   -0.00315016   7.91324e-05             1  -0.000152565     0.0438771   0.000339993   0.000152538             1    -0.0942999
            1  -5.08277e-05   -0.00014537    -0.0148331   5.06823e-05      0.999999  -0.000999699    -0.0259232   0.000145421   0.000999691      0.999999    -0.0174896
            1  -9.18508e-05  -9.70497e-05    -0.0109572   9.17972e-05             1  -0.000552048     0.0333803   9.71004e-05   0.000552039             1    -0.0800906
            1   4.20967e-05  -0.000240616    0.00339177  -4.22531e-05             1  -0.000649999     0.0756939   0.000240589   0.000650009             1    -0.0997175
            1   -6.5414e-05  -9.01406e-05   0.000174544   6.53592e-05             1   -0.00060796     0.0151903   9.01803e-05   0.000607954             1    -0.0567671
            1   -0.00019438   2.35248e-05   -0.00569953   0.000194397             1  -0.000746336    -0.0275017  -2.33798e-05   0.000746341             1     0.0028872
            1  -0.000490603  -0.000103929    0.00294875   0.000490509      0.999999  -0.000901162     0.0962368   0.000104372   0.000901111             1     -0.116023
            1  -0.000117262  -0.000171972  -0.000461351   0.000117107             1  -0.000897893    -0.0158177   0.000172077   0.000897873             1    -0.0493138
            1  -0.000255434   -7.7835e-05    -0.0122505   0.000255401             1  -0.000428852    -0.0126703   7.79446e-05   0.000428832             1    -0.0380469
            1  -0.000363782  -0.000138609    -0.0416193   0.000363532      0.999998   -0.00180114     0.0255444   0.000139264    0.00180109      0.999998     0.0357393
            1  -0.000271795  -0.000524964    -0.0551085    0.00027173             1  -0.000123061    -0.0650051   0.000524998   0.000122918             1      0.128932
            1   -0.00063452  -0.000414251    -0.0572189    0.00063415      0.999999  -0.000892127      0.164332   0.000414817   0.000891864             1    -0.0719379
            1  -0.000553655  -0.000177466    -0.0463008   0.000553612             1  -0.000243504     0.0904529   0.000177601   0.000243406             1    -0.0590016
            1  -0.000825707   6.63942e-05     -0.043609   0.000825745      0.999999  -0.000566548     0.0522927  -6.59264e-05   0.000566603             1    -0.0355756
     0.999999   -0.00141384   0.000243523    -0.0376587    0.00141404      0.999999  -0.000848576     0.0398232  -0.000242323   0.000848919             1     -0.126835
     0.999999   -0.00153238   0.000199937    -0.0417754    0.00153265      0.999998   -0.00138851      0.121184  -0.000197809    0.00138881      0.999999     -0.104469
     0.999999   -0.00105246   0.000125215    -0.0511369    0.00105266      0.999998   -0.00158103      0.158073  -0.000123551    0.00158116      0.999999      -0.11278
            1  -0.000953829   9.17034e-05    -0.0468256   0.000953976      0.999998   -0.00161269     0.0811604   -9.0165e-05    0.00161278      0.999999    -0.0110069
            1  -0.000859295  -6.53168e-07    -0.0450254   0.000859293      0.999999   -0.00145349     0.0726139   1.90215e-06    0.00145349      0.999999    -0.0277719
            1  -0.000526063   3.62459e-05    -0.0454279   0.000526107      0.999999   -0.00120237     0.0173018  -3.56134e-05    0.00120238      0.999999     0.0188267
            1  -0.000926019   0.000236245    -0.0485567   0.000926386      0.999998   -0.00155925     0.0877841  -0.000234801    0.00155947      0.999999     -0.071725
     0.999999   -0.00131389    0.00020029     -0.051801    0.00131443      0.999995    -0.0027271      0.089616  -0.000196706    0.00272736      0.999996    -0.0404325
     0.999999  -0.000926961  -0.000395604    -0.0865047   0.000927213      0.999999     0.0006371    -0.0251807   0.000395013  -0.000637466             1      0.108197
            1  -0.000965014   8.21619e-05    -0.0729915   0.000965015             1  -5.71943e-06      0.155623  -8.21563e-05   5.79871e-06             1    -0.0329748
            1  -0.000515472   0.000132927      -0.05131   0.000515418             1   0.000406308    0.00756813  -0.000133136  -0.000406239             1     -0.040873
            1  -0.000585481   0.000221716    -0.0485124   0.000585319             1   0.000726617     0.0606721  -0.000222142  -0.000726487             1    -0.0443933
            1  -0.000878746   0.000140976    -0.0467608   0.000878777             1  -0.000220618      0.104173  -0.000140782   0.000220742             1     -0.101123
            1  -0.000825243  -1.40672e-05     -0.038624   0.000825225      0.999999   -0.00123492      0.125364   1.50863e-05    0.00123491      0.999999    -0.0507579
            1  -0.000582214   1.98951e-05     -0.039659    0.00058222             1  -0.000321452     0.0759222  -1.97079e-05   0.000321463             1    -0.0660142
            1  -0.000543756   5.12321e-05    -0.0381959    0.00054378             1   -0.00047768      0.053019  -5.09723e-05   0.000477708             1    -0.0396757
            1  -0.000567863   0.000243215    -0.0443147   0.000568232      0.999999   -0.00151919     0.0400094  -0.000242352    0.00151933      0.999999    0.00634796
            1  -0.000524386   0.000166892    -0.0417588   0.000524583      0.999999   -0.00118315     0.0603093  -0.000166272    0.00118324      0.999999    0.00728987
            1  -0.000724451   6.90774e-05     -0.048586   0.000724542      0.999999   -0.00131648     0.0517445  -6.81236e-05    0.00131653      0.999999    -0.0261757
            1  -0.000916294   0.000162686    -0.0382548   0.000916607      0.999998   -0.00193329      0.133216  -0.000160915    0.00193343      0.999998    -0.0256927
            1  -0.000811924   0.000361092    -0.0278489   0.000812474      0.999999   -0.00152439     0.0278779  -0.000359854    0.00152468      0.999999    -0.0246111
     0.999999   -0.00106431   0.000235372    -0.0318841    0.00106449      0.999999  -0.000764188    0.00484446  -0.000234559   0.000764438             1    -0.0498526
     0.999999    -0.0011388   0.000341338    -0.0344389    0.00113926      0.999998   -0.00136372      0.125057  -0.000339785    0.00136411      0.999999     -0.121882
     0.999999   -0.00104839    0.00043216    -0.0217397    0.00104895      0.999999   -0.00130017     0.0595842  -0.000430797    0.00130062      0.999999    -0.0387983
     0.999999   -0.00100291   0.000260267    -0.0154103    0.00100316      0.999999  -0.000949387     0.0379014  -0.000259314   0.000949647             1    -0.0194766
     0.999999   -0.00121779   0.000224514    -0.0195294    0.00121795      0.999999  -0.000723009     0.0923792  -0.000223634   0.000723282             1     -0.105206
     0.999999    -0.0011674   0.000355065    -0.0169829    0.00116764      0.999999  -0.000681139      0.021992  -0.000354269   0.000681553             1    -0.0137871
     0.999999   -0.00113239   0.000266673    -0.0147864    0.00113262      0.999999   -0.00084439     0.0928545  -0.000265716   0.000844691             1    -0.0536995
     0.999999     -0.001094   0.000282099    -0.0137734    0.00109391      0.999999   0.000313162     0.0414856  -0.000282442  -0.000312853             1    -0.0497082
     0.999999   -0.00115935   0.000308052    -0.0031149    0.00115943      0.999999  -0.000284053      0.111427  -0.000307722    0.00028441             1    -0.0933024
            1  -0.000792382   0.000245034   -0.00980994   0.000792129      0.999999     0.0010332     0.0268875  -0.000245852     -0.001033      0.999999    -0.0161981
     0.999999   -0.00146561  -0.000280491    -0.0182994    0.00146612      0.999997    0.00181752      0.152872   0.000277826   -0.00181793      0.999998    -0.0042228
     0.999999   -0.00146721   -0.00012589    -0.0358957    0.00146725      0.999999   0.000361911      0.137558   0.000125359  -0.000362095             1    -0.0780656
     0.999999   -0.00150149   0.000277835    -0.0252588    0.00150145      0.999999   0.000140809   -0.00547748  -0.000278046  -0.000140392             1     0.0154459
     0.999999   -0.00121686   0.000323355    -0.0208123    0.00121674      0.999999   0.000369202     0.0674917  -0.000323804  -0.000368808             1   -0.00861262
     0.999999   -0.00140687   0.000453992    -0.0148287    0.00140691      0.999999  -9.79268e-05      0.117961  -0.000453853   9.85655e-05             1      -0.08084
     0.999999   -0.00128576   0.000331503   -0.00652672    0.00128586      0.999999  -0.000310536     0.0849783  -0.000331103   0.000310962             1    -0.0556187
     0.999999   -0.00134014   0.000468885   -0.00347693    0.00134051      0.999999  -0.000791059     0.0732431  -0.000467824   0.000791687             1    -0.0235125
     0.999999   -0.00120693   0.000380378   -0.00864152    0.00120706      0.999999  -0.000340827     0.0687825  -0.000379966   0.000341286             1    -0.0144589
     0.999999   -0.00118734   0.000489872   -0.00530985    0.00118746      0.999999  -0.000251345     0.0569507  -0.000489573   0.000251926             1    -0.0593393
     0.999999   -0.00113942   0.000533139    0.00705688    0.00114026      0.999998   -0.00157625      0.141716  -0.000531342    0.00157686      0.999999    -0.0630098
     0.999999   -0.00101435   0.000452012     0.0188687    0.00101477      0.999999  -0.000920411     0.0726885  -0.000451078   0.000920869      0.999999    -0.0301984
     0.999999  -0.000969141    0.00048347     0.0125265   0.000969573      0.999999   -0.00089297      0.047557  -0.000482604   0.000893438      0.999999     -0.023505
     0.999999   -0.00109709   0.000517364    0.00260488    0.00109736      0.999999  -0.000530964     0.0383059  -0.000516782   0.000531532             1    -0.0290822
     0.999999   -0.00102053   0.000309736     -0.025985    0.00102102      0.999998   -0.00156944       0.11938  -0.000308134    0.00156975      0.999999    -0.0319764
            1  -0.000654495   0.000186432   -0.00575692   0.000654703      0.999999   -0.00111833     0.0707836    -0.0001857    0.00111845      0.999999   -0.00864516
            1  -0.000733717   0.000253745   -0.00222035   0.000733916      0.999999  -0.000786162     0.0480935  -0.000253168   0.000786348             1   -0.00308744
            1  -0.000737969   0.000305487    -0.0060275    0.00073813             1  -0.000528433     0.0518875  -0.000305097   0.000528658             1    -0.0100522
            1  -0.000791125   0.000383649   -0.00199121   0.000791252             1  -0.000330349     0.0523955  -0.000383388   0.000330653             1    -0.0138326
     0.999999   -0.00118325   0.000343998    -0.0211421    0.00118364      0.999999   -0.00112282      0.125819  -0.000342669    0.00112323      0.999999   0.000412346
     0.999999    -0.0013238   0.000322736    -0.0151242    0.00132431      0.999998   -0.00160655      0.072705  -0.000320608    0.00160698      0.999999     0.0841492
     0.999999   -0.00115885   0.000330281    -0.0200356    0.00115902      0.999999  -0.000534875     0.0430778  -0.000329661   0.000535257             1     0.0461436
     0.999999   -0.00111386   0.000308247   -0.00613657    0.00111394      0.999999  -0.000250068      0.117615  -0.000307968   0.000250411             1   -0.00222768
     0.999999    -0.0011574   0.000273901   -0.00661516    0.00115743      0.999999   -9.1704e-05     0.0415347  -0.000273794    9.2021e-05             1     0.0575173
     0.999999   -0.00137942   0.000378676    -0.0117907    0.00137972      0.999999  -0.000786001     0.0466793  -0.000377591   0.000786522             1      0.103512
     0.999999   -0.00142286   0.000452539    -0.0168212    0.00142325      0.999999  -0.000869923     0.0924558  -0.000451301   0.000870567             1     0.0233341
            1    -0.0005089   0.000546935    -0.0435831   0.000509465      0.999999   -0.00103356    -0.0144046  -0.000546409    0.00103384      0.999999      0.204162
            1   6.46936e-05   0.000714665    -0.0579423  -6.55336e-05      0.999999    0.00117549       0.10233  -0.000714588   -0.00117553      0.999999      0.191928
     0.999998   -0.00190805   0.000584482    -0.0016795    0.00190901      0.999997   -0.00164091      0.312465   -0.00058135    0.00164202      0.999998     -0.254583
     0.999997   -0.00224461   0.000435803   -0.00300324    0.00224623       0.99999   -0.00374567      0.244951  -0.000427391    0.00374664      0.999993     -0.311333
     0.999997   -0.00249563   0.000594627   -0.00841521    0.00249792      0.999989   -0.00388245      0.249738  -0.000584932    0.00388392      0.999992     -0.277318
     0.999997   -0.00251276    0.00062868   -0.00645286    0.00251537      0.999988   -0.00417509      0.331022  -0.000618182    0.00417665      0.999991     -0.354843
     0.999998    -0.0020549   0.000783901    0.00973137    0.00205842      0.999988   -0.00450664      0.310681  -0.000774631    0.00450825       0.99999     -0.351531
     0.999998   -0.00194528   0.000654517    0.00966732    0.00194823      0.999988   -0.00453775      0.289697  -0.000645682    0.00453902      0.999989     -0.323774
     0.999998   -0.00197655   0.000633102     0.0029018    0.00197958      0.999986   -0.00482546      0.268294  -0.000623556    0.00482671      0.999988     -0.272858
     0.999998   -0.00192233    0.00073085    0.00445671    0.00192586      0.999986   -0.00486007      0.255106  -0.000721498    0.00486147      0.999988      -0.23944
     0.999998   -0.00167636   0.000792045    0.00524489    0.00167972      0.999989   -0.00426508      0.206416  -0.000784886     0.0042664      0.999991    -0.0532904
     0.999998   -0.00201582   0.000923475     0.0151072    0.00202037      0.999986   -0.00494988      0.142125  -0.000913484    0.00495174      0.999987     -0.174635
     0.999997    -0.0020524    0.00108577     0.0287434    0.00205735      0.999987   -0.00458156      0.251964   -0.00107636    0.00458378      0.999989     -0.239365
     0.999998   -0.00191159   0.000917752     0.0414441    0.00191524       0.99999   -0.00399414      0.219653  -0.000910108    0.00399588      0.999992     -0.216731
     0.999997   -0.00218892    0.00105753     0.0312531    0.00219261      0.999991   -0.00350832      0.166288   -0.00104984    0.00351062      0.999993     -0.179942
     0.999997   -0.00223383    0.00103545      0.029516    0.00223865      0.999987    -0.0046748      0.288965     -0.001025     0.0046771      0.999989     -0.177167
     0.999997   -0.00210994   0.000869451      0.038172    0.00211363      0.999989   -0.00426303      0.228704  -0.000860446    0.00426486      0.999991     -0.163494
     0.999998   -0.00196779    0.00101538     0.0247174    0.00197145      0.999992   -0.00361813      0.179259   -0.00100825    0.00362013      0.999993    -0.0828632
     0.999998   -0.00184847    0.00104144      0.029214    0.00185128      0.999995   -0.00269912      0.174123   -0.00103644    0.00270104      0.999996  -0.000146074
     0.999998   -0.00188969   0.000965395     0.0253909    0.00189138      0.999997   -0.00176038      0.105755  -0.000962065     0.0017622      0.999998     0.0564312
     0.999997   -0.00208193   0.000818014     0.0246782    0.00208343      0.999996   -0.00183726      0.155125  -0.000814186    0.00183895      0.999998     0.0318717
     0.999997   -0.00205377    0.00108964     0.0309863     0.0020561      0.999996   -0.00214207      0.220202   -0.00108524    0.00214431      0.999997    -0.0223481
     0.999997   -0.00194715    0.00109967     0.0362914    0.00194886      0.999997   -0.00155423       0.13279   -0.00109664    0.00155637      0.999998     0.0610859
     0.999997   -0.00206616    0.00125212     0.0301141     0.0020673      0.999997  -0.000904949       0.13542   -0.00125025   0.000907535      0.999999     0.0513204
     0.999996   -0.00250858    0.00123698    -0.0126875    0.00251042      0.999996   -0.00149137      0.252365   -0.00123323    0.00149447      0.999998     -0.040866
     0.999997   -0.00229661   0.000776306   -0.00709477    0.00229774      0.999996   -0.00146096      0.134228  -0.000772948    0.00146274      0.999999     0.0206081
     0.999998   -0.00217686  -4.25625e-05    -0.0426544    0.00217684      0.999998  -0.000261852      0.157325   4.31324e-05   0.000261759             1    0.00928171
     0.999997   -0.00225632  -0.000364067    0.00642935     0.0022559      0.999997   -0.00115842      0.319574    0.00036668    0.00115759      0.999999     -0.143905
     0.999998   -0.00170043  -0.000330822     0.0187864    0.00170065      0.999998   0.000648602      0.117763   0.000329719  -0.000649164             1      0.017958
     0.999998   -0.00193349  -0.000480056     0.0161658    0.00193305      0.999998  -0.000909177      0.254426   0.000481813   0.000908247      0.999999    -0.0293628
     0.999998   -0.00213843  -0.000178912     0.0105538    0.00213836      0.999998   -0.00039379      0.173951   0.000179753   0.000393406             1    -0.0149858
     0.999998   -0.00208385  -0.000200546     0.0175011    0.00208382      0.999998  -0.000143558      0.244033   0.000200845    0.00014314             1    -0.0492483
     0.999998   -0.00218637  -0.000174181      0.013382    0.00218625      0.999997   -0.00069739      0.225142   0.000175705   0.000697008             1    0.00161723
     0.999997   -0.00225589  -0.000114549     0.0102397    0.00225579      0.999997  -0.000891114      0.234327   0.000116559   0.000890853             1     0.0112503
     0.999997   -0.00239672   4.50029e-06    0.00484428    0.00239672      0.999997    -0.0010534      0.207626  -1.97556e-06    0.00105341      0.999999      0.021545
     0.999997   -0.00257919  -1.45678e-05   -0.00241536    0.00257917      0.999996  -0.000903142      0.178423   1.68971e-05   0.000903102             1     0.0365845
     0.999997   -0.00247684   0.000136349    0.00622866    0.00247694      0.999997  -0.000739771      0.182972  -0.000134516   0.000740106             1     0.0285404
     0.999997   -0.00238041   5.12428e-05   -0.00420381    0.00238052      0.999994   -0.00231103      0.262885  -4.57413e-05    0.00231115      0.999997     0.0540909
     0.999998   -0.00206372   8.24266e-05    0.00536344    0.00206387      0.999996   -0.00186219      0.172772  -7.85832e-05    0.00186236      0.999998     0.0257356
     0.999998   -0.00217946   0.000119217     0.0109507    0.00217966      0.999996   -0.00173804      0.189053  -0.000115429     0.0017383      0.999998     0.0326193
     0.999997   -0.00231164   0.000169216   -0.00592483    0.00231199      0.999995   -0.00208329       0.13663  -0.000164399    0.00208368      0.999998      0.103732
     0.999997    -0.0023435   0.000212963   -0.00634221     0.0023439      0.999995    -0.0018946      0.183388  -0.000208522    0.00189509      0.999998     0.0756574
     0.999997   -0.00222931   0.000203295    0.00377364    0.00222975      0.999995   -0.00218245      0.245072  -0.000198429     0.0021829      0.999998    0.00371353
     0.999998   -0.00219562   0.000238775    0.00787698    0.00219613      0.999995   -0.00216617      0.204675  -0.000234017    0.00216669      0.999998     0.0595291
     0.999997   -0.00248723   0.000345054    0.00255763    0.00248799      0.999994   -0.00222959      0.150409  -0.000339507    0.00223044      0.999997     0.0904643
     0.999997   -0.00232327     0.0002912    -0.0138205     0.0023238      0.999996   -0.00182437      0.198028   -0.00028696    0.00182504      0.999998     0.0395848
     0.999999   -0.00161363    0.00015338   -0.00297291    0.00161402      0.999996   -0.00251635      0.223132  -0.000149319    0.00251659      0.999997      0.064284
     0.999998   -0.00186719   4.95476e-05    0.00275415    0.00186725      0.999997   -0.00131878      0.163896  -4.70851e-05    0.00131887      0.999999      0.063865
     0.999998   -0.00219255  -4.85344e-05     -0.012594    0.00219251      0.999997  -0.000897399      0.164297   5.05019e-05    0.00089729             1     0.0536156
     0.999996   -0.00279339  -0.000391735    -0.0340258    0.00279256      0.999994   -0.00210209      0.213603   0.000397604    0.00210098      0.999998     0.0387952
     0.999999   -0.00145134  -0.000335985    -0.0514671    0.00145133      0.999999  -3.61774e-05      0.122114   0.000336037   3.56898e-05             1     0.0817917
     0.999997   -0.00255375   6.55455e-05    0.00489091    0.00255367      0.999996    0.00124973      0.256471  -6.87367e-05   -0.00124956      0.999999    -0.0345877
     0.999997   -0.00216613   0.000586794    0.00340673    0.00216536      0.999997    0.00131094      0.218176  -0.000589631   -0.00130967      0.999999     0.0323063
     0.999997   -0.00246397   0.000857058   -0.00392529    0.00246383      0.999997   0.000173388      0.279505  -0.000857482  -0.000171276             1    -0.0687227
     0.999997   -0.00231213   0.000654545  -0.000661336    0.00231228      0.999997  -0.000239386      0.260745  -0.000653989   0.000240899             1    -0.0603078
     0.999996   -0.00277288   0.000689712    -0.0124302    0.00277304      0.999996  -0.000227292      0.169489  -0.000689079   0.000229204             1     0.0124765
     0.999996   -0.00267579   0.000807694    -0.0194631    0.00267641      0.999996   -0.00076958      0.197655  -0.000805632   0.000771739      0.999999      0.118881
     0.999997   -0.00215177   0.000708187   -0.00382622    0.00215215      0.999998  -0.000529769     0.0721647  -0.000707045   0.000531292             1      0.249534
     0.999998   -0.00171177   0.000869891   0.000592086    0.00171093      0.999998   0.000964746      0.113112  -0.000871541  -0.000963256      0.999999      0.239212
     0.999998   -0.00180448   0.000847164    -0.0014063    0.00180354      0.999998    0.00110076      0.133487  -0.000849149   -0.00109923      0.999999      0.244347
     0.999998   -0.00183676   0.000748124   -0.00828509    0.00183661      0.999998   0.000201159      0.127156  -0.000748492  -0.000199785             1      0.263718
     0.999998   -0.00180071   0.000578861    -0.0121194    0.00180115      0.999998  -0.000762788      0.194898  -0.000577486   0.000763829             1      0.228832
     0.999998   -0.00164974   0.000574842    -0.0117381    0.00164985      0.999999  -0.000190495     0.0829544  -0.000574527   0.000191444             1      0.268166
     0.999999   -0.00159841   0.000606792    -0.0179466    0.00159846      0.999999  -8.91987e-05      0.104511  -0.000606648   9.01685e-05             1      0.248235
     0.999998   -0.00181048   0.000497525   -0.00238331    0.00181084      0.999998  -0.000716879      0.158562  -0.000496226   0.000717778             1      0.232505
     0.999999    -0.0016444    0.00052317   -0.00353515     0.0016452      0.999997   -0.00153201       0.10311  -0.000520649    0.00153287      0.999999      0.296687
     0.999998   -0.00159647   0.000705911   -0.00174702    0.00159679      0.999999  -0.000460739     0.0863323  -0.000705175   0.000461865             1      0.294854
     0.999998      -0.00168   0.000541647   -0.00594902    0.00168009      0.999999  -0.000154336      0.110984  -0.000541387   0.000155246             1      0.285158
     0.999998   -0.00192792   0.000241726    -0.0464846    0.00192783      0.999998   0.000377302      0.224115  -0.000242453  -0.000376836             1        0.2146
     0.999998   -0.00218861   0.000388218    -0.0319213    0.00218866      0.999998  -0.000106134     0.0735754  -0.000387985   0.000106983             1      0.360359
     0.999997   -0.00236855   0.000231711    -0.0621341    0.00236768       0.99999    0.00371234     0.0594887  -0.000240502   -0.00371178      0.999993       0.46381
     0.999995   -0.00305245   0.000822277    -0.0429095    0.00305157      0.999995    0.00106677      0.221226  -0.000825529   -0.00106426      0.999999      0.307121
     0.999997   -0.00251653   0.000465418    -0.0288843    0.00251621      0.999997    0.00068503      0.163686   -0.00046714  -0.000683856             1      0.318729
     0.999997     -0.002369   0.000572141    -0.0233892    0.00236858      0.999997   0.000735484      0.153008  -0.000573882  -0.000734126             1      0.284696
     0.999997   -0.00218188    0.00068215    0.00675534    0.00218101      0.999997    0.00128702      0.113374  -0.000684956   -0.00128552      0.999999      0.262667
     0.999998   -0.00173911   0.000711274     0.0203464    0.00173826      0.999998    0.00119827      0.113451  -0.000713356   -0.00119703      0.999999      0.261545
     0.999997   -0.00242688   0.000795659     0.0154212    0.00242644      0.999997   0.000548494      0.226233  -0.000796988  -0.000546562             1      0.108415
     0.999998   -0.00187782   0.000643508      0.022311    0.00187724      0.999998   0.000893751      0.165056  -0.000645185  -0.000892541      0.999999      0.176675
     0.999998   -0.00174559   0.000722419     0.0270229    0.00174505      0.999998   0.000742522      0.162313  -0.000723714   -0.00074126      0.999999      0.185449
     0.999998   -0.00182903    0.00101324     0.0355873    0.00182893      0.999998   9.48714e-05      0.130591   -0.00101341   -9.3018e-05      0.999999      0.263684
     0.999996    -0.0023873    0.00116566     0.0204382    0.00238761      0.999997  -0.000264368     0.0757622   -0.00116503   0.000267151      0.999999      0.377959
     0.999996    -0.0027654     0.0010654     0.0179402    0.00276515      0.999996    0.00023492      0.155324   -0.00106605  -0.000231973      0.999999      0.267588
     0.999996   -0.00275464   0.000926219   0.000168767    0.00275516      0.999996  -0.000556073      0.184212  -0.000924684   0.000558623      0.999999      0.240925
     0.999997   -0.00252194   0.000760033     0.0136275    0.00252252      0.999997  -0.000759214      0.241447  -0.000758115   0.000761128      0.999999       0.15192
     0.999997   -0.00245703   0.000781825      0.020398    0.00245744      0.999997  -0.000521115      0.138058  -0.000780542   0.000523035             1      0.191989
     0.999995   -0.00305095   0.000831816     0.0165808    0.00305078      0.999995   0.000215861      0.143425   -0.00083247  -0.000213322             1       0.17823
     0.999996   -0.00283318   0.000556798     0.0239669    0.00283362      0.999996  -0.000805503      0.148324  -0.000554513   0.000807078             1      0.182202
     0.999995    -0.0030225   0.000485172     0.0215514    0.00302321      0.999994   -0.00146521      0.192595  -0.000480741    0.00146667      0.999999      0.104199
     0.999995   -0.00305384    0.00062679     0.0209527    0.00305471      0.999994    -0.0013951      0.144039  -0.000622526    0.00139701      0.999999      0.183847
     0.999995   -0.00311426   0.000639108     0.0296265    0.00311499      0.999994   -0.00113889      0.132126  -0.000635558    0.00114088      0.999999      0.167457
     0.999996   -0.00259585    0.00130554     0.0895189    0.00259859      0.999994   -0.00209827       0.21771   -0.00130009    0.00210165      0.999997     -0.163465
     0.999992   -0.00377972   0.000973941     0.0688508    0.00378392      0.999983   -0.00433802       0.40741  -0.000957529    0.00434167       0.99999     -0.330924
     0.999992   -0.00370983    0.00127347     0.0611307     0.0037144      0.999987   -0.00359895       0.25864    -0.0012601    0.00360366      0.999993     -0.155238
     0.999991   -0.00410993    0.00116397     0.0666984    0.00411372      0.999986   -0.00327659      0.345924   -0.00115048    0.00328135      0.999994     -0.251218
     0.999992   -0.00390257    0.00105796     0.0729721    0.00390573      0.999988   -0.00301047       0.34214    -0.0010462    0.00301458      0.999995     -0.240044
     0.999992   -0.00392268    0.00108426     0.0671461    0.00392635      0.999986   -0.00340378      0.311067   -0.00107089    0.00340801      0.999994     -0.204186
     0.999991   -0.00403946    0.00118287     0.0717033    0.00404402      0.999984   -0.00388105      0.297618   -0.00116717     0.0038858      0.999992     -0.185729
     0.999991   -0.00408648    0.00107994     0.0697589    0.00409003      0.999986    -0.0033082      0.255723   -0.00106641    0.00331259      0.999994     -0.161161
     0.999992   -0.00390064   0.000951192     0.0478704     0.0039036      0.999987   -0.00312818      0.250796  -0.000938979    0.00313187      0.999995     0.0304285
     0.999997   -0.00183153    0.00128619     0.0763431     0.0018324      0.999998  -0.000673897     0.0906762   -0.00128495   0.000676252      0.999999      0.114778
     0.999995   -0.00283796    0.00155974     0.0584199    0.00283965      0.999995   -0.00108818      0.273496   -0.00155665     0.0010926      0.999998    -0.0292506
     0.999995   -0.00283077    0.00109292     0.0308619    0.00283035      0.999996   0.000385483     0.0789126   -0.00109401  -0.000382388      0.999999      0.190318
     0.999999   -0.00127413   0.000869231   -0.00358672    0.00126945      0.999985    0.00536032     0.0911157  -0.000876048   -0.00535921      0.999985      0.355613
     0.999998   -0.00151761    0.00121355   -0.00489233    0.00151367      0.999994    0.00323982      0.337883   -0.00121846   -0.00323798      0.999994      0.169199
     0.999997   -0.00184464    0.00176488   -0.00855315    0.00183948      0.999994    0.00292337      0.261166   -0.00177026   -0.00292012      0.999994      0.241972
     0.999996   -0.00187489    0.00197121   -0.00160631    0.00187097      0.999996    0.00198641      0.282144   -0.00197493   -0.00198271      0.999996      0.207869
     0.999996    -0.0020765    0.00204103   -0.00841305    0.00207152      0.999995    0.00244081      0.237534   -0.00204609   -0.00243657      0.999995       0.30035
     0.999995   -0.00211292     0.0022077     -0.022966     0.0021085      0.999996     0.0020049      0.206786   -0.00221192   -0.00200024      0.999996      0.347815
     0.999995   -0.00211101    0.00230782    -0.0196759    0.00210622      0.999996    0.00207748      0.246683   -0.00231219   -0.00207261      0.999995      0.334439
     0.999996   -0.00194183    0.00203032    -0.0143497     0.0019401      0.999998   0.000852989      0.366045   -0.00203198  -0.000849046      0.999998      0.155665
     0.999996    -0.0020448    0.00201695     -0.009062    0.00204261      0.999997    0.00108784      0.184511   -0.00201917   -0.00108372      0.999997      0.302647
     0.999997   -0.00116481    0.00201193    -0.0591977    0.00115637      0.999991    0.00419063      0.150815   -0.00201679   -0.00418829      0.999989      0.541072
     0.999997   -0.00145844    0.00209239     -0.043904    0.00145114      0.999993    0.00348592      0.304315   -0.00209746   -0.00348288      0.999992      0.420165
     0.999996   -0.00157899    0.00223065    -0.0464452    0.00157181      0.999994    0.00321646      0.242403   -0.00223572   -0.00321295      0.999992      0.424345
     0.999997   -0.00122561    0.00203088    -0.0197846    0.00122049      0.999996    0.00252178      0.171651   -0.00203396   -0.00251929      0.999995      0.394918
     0.999998   -0.00175804    0.00134737    -0.0290849    0.00175653      0.999998    0.00111822      0.267389   -0.00134933   -0.00111585      0.999998      0.305366
     0.999998   -0.00144356    0.00133934    -0.0246081    0.00144265      0.999999   0.000684983      0.216898   -0.00134033  -0.000683049      0.999999      0.343642
     0.999998   -0.00126074    0.00148527    -0.0332007    0.00125928      0.999999   0.000983206      0.230998    -0.0014865  -0.000981334      0.999998      0.353481
     0.999998   -0.00124052    0.00147602    -0.0265919    0.00123946      0.999999   0.000717724      0.214409   -0.00147691  -0.000715893      0.999999      0.363366
     0.999998   -0.00139739    0.00142197    -0.0306274    0.00139609      0.999999    0.00091107      0.196075   -0.00142324  -0.000909083      0.999999      0.353424
     0.999998   -0.00139524     0.0013191    -0.0407282    0.00139548      0.999999  -0.000177421      0.299874   -0.00131885   0.000179261      0.999999      0.346612
     0.999999   -0.00108636    0.00120355    -0.0261623     0.0010859      0.999999   0.000388324      0.219985   -0.00120398  -0.000387017      0.999999      0.360052
     0.999999  -0.000895031    0.00130628     -0.017989   0.000893774      0.999999   0.000962055      0.178128   -0.00130714  -0.000960887      0.999999      0.439925
     0.999999  -0.000851894    0.00139554    -0.0204246     0.0008496      0.999998    0.00164306      0.220696   -0.00139694   -0.00164187      0.999998      0.444024
     0.999999  -0.000782561    0.00133556    -0.0193227   0.000781709      0.999999   0.000637895      0.204707   -0.00133606   -0.00063685      0.999999      0.474137
     0.999996    -0.0025982    0.00106267    -0.0471495    0.00259954      0.999996   -0.00125748      0.405484    -0.0010594    0.00126024      0.999999      0.223165
     0.999997   -0.00200331    0.00109141   0.000428901    0.00200334      0.999998  -3.32163e-05      0.195138   -0.00109134   3.54027e-05      0.999999      0.346437
     0.999998   -0.00137339    0.00118808    0.00943021    0.00137064      0.999996    0.00231646       0.15124   -0.00119125   -0.00231483      0.999997      0.323596
     0.999998   -0.00137952    0.00116587    0.00176494    0.00137616      0.999995    0.00287361      0.214558   -0.00116983     -0.002872      0.999995      0.272262
     0.999997   -0.00230002    0.00122633    -0.0152091    0.00229839      0.999996    0.00133519      0.367568   -0.00122939   -0.00133237      0.999998      0.126724
     0.999998   -0.00198337   0.000996536     0.0017539    0.00198182      0.999997    0.00156224      0.250831  -0.000999631   -0.00156026      0.999998      0.185673
     0.999997   -0.00213904    0.00112677   -0.00834718    0.00213598      0.999994    0.00270916      0.204439   -0.00113256   -0.00270674      0.999996      0.250036
     0.999997   -0.00212913    0.00105996   -0.00594832    0.00212702      0.999996    0.00198907      0.244388   -0.00106419   -0.00198681      0.999997      0.286632
     0.999998   -0.00186178    0.00112988    -0.0111732    0.00185929      0.999996    0.00219707      0.292659   -0.00113397   -0.00219496      0.999997      0.205073
     0.999998     -0.001528     0.0011052   -0.00524128    0.00152638      0.999998    0.00146324      0.278465   -0.00110743   -0.00146155      0.999998      0.244277
     0.999998   -0.00149587    0.00104485   -0.00628587    0.00149369      0.999997    0.00209231      0.258637   -0.00104798   -0.00209074      0.999997       0.23785
     0.999999   -0.00135727    0.00106365    0.00503933     0.0013549      0.999997    0.00223032      0.226507   -0.00106668   -0.00222888      0.999997       0.27845
     0.999999   -0.00069519    0.00101173     0.0234081   0.000690007      0.999987    0.00511363      0.193792   -0.00101527   -0.00511293      0.999986      0.519727
     0.999999    -0.0011895    0.00071069      0.021305    0.00118778      0.999996    0.00241448      0.354067  -0.000713559   -0.00241364      0.999997      0.298214
            1   -0.00076289   0.000547895     0.0107054   0.000761793      0.999998    0.00199914      0.236863  -0.000549419   -0.00199872      0.999998      0.336299
            1  -0.000529394   0.000619271    0.00841113   0.000528327      0.999998    0.00172232      0.243175  -0.000620182   -0.00172199      0.999998      0.353087
            1   -0.00053923    0.00061323    0.00807365   0.000537947      0.999998    0.00209069      0.230221  -0.000614356   -0.00209036      0.999998      0.364135
     0.999998   -0.00128838    0.00121735      0.016746    0.00128764      0.999999   0.000606406      0.205621   -0.00121813  -0.000604837      0.999999      0.307749
     0.999998   -0.00130967    0.00120806    0.00740777     0.0013091      0.999999   0.000474705      0.253727   -0.00120868  -0.000473123      0.999999      0.287693
     0.999999   -0.00125679    0.00108091    -0.0104953    0.00125625      0.999999   0.000502862      0.321715   -0.00108155  -0.000501504      0.999999      0.243136
     0.999999   -0.00119715   0.000918397    -0.0117913    0.00119607      0.999999    0.00117045      0.252994  -0.000919797   -0.00116935      0.999999      0.235757
     0.999999  -0.000849901    0.00120622    0.00435322    0.00084829      0.999999     0.0013349      0.174024   -0.00120735   -0.00133388      0.999998      0.341896
     0.999999  -0.000804118   0.000840136    -0.0127335   0.000802832      0.999999    0.00152984      0.277405  -0.000841365   -0.00152916      0.999998       0.35005
            1  -0.000533653   0.000781025   -0.00657723   0.000531872      0.999997    0.00227991      0.174883  -0.000782239   -0.00227949      0.999997      0.367973
            1  -0.000367842   0.000779093    -0.0111353   0.000365642      0.999996    0.00282186      0.193604  -0.000780128   -0.00282157      0.999996      0.381434
            1  -0.000167225   0.000878404   -0.00256284    0.00016474      0.999996    0.00282864      0.168651  -0.000878874   -0.00282849      0.999996      0.412772
     0.999999  -0.000462346    0.00109071     0.0114734   0.000458303      0.999993    0.00370425      0.172671   -0.00109241   -0.00370374      0.999993      0.436405
     0.999999  -0.000479406    0.00107536   0.000556301   0.000476371      0.999996    0.00282115      0.166742   -0.00107671   -0.00282064      0.999995      0.440059
     0.999999  -0.000590559   0.000854869  -0.000893621   0.000588596      0.999997     0.0022948      0.257215  -0.000856222    -0.0022943      0.999997      0.334493
            1  -0.000304231   0.000792545    0.00179181   0.000302557      0.999998    0.00211106      0.185353  -0.000793185   -0.00211082      0.999997      0.420483
            1  -0.000120863   0.000708644    0.00219011    0.00011906      0.999997    0.00254396      0.205077   -0.00070895   -0.00254387      0.999997      0.391845
            1   9.58379e-05   0.000765496    0.00582704  -9.77964e-05      0.999997    0.00255889      0.205953  -0.000765248   -0.00255896      0.999996      0.393614
     0.999999   5.82827e-05     0.0010342      0.014794  -6.18863e-05      0.999994    0.00348473      0.139844   -0.00103399   -0.00348479      0.999993      0.441379
     0.999999   0.000758843   0.000816529    -0.0191846  -0.000762988      0.999987    0.00508767       0.13105  -0.000812658   -0.00508829      0.999987      0.541062
            1   0.000178043   0.000106926     -0.018866  -0.000178622      0.999985     0.0054366      0.262049  -0.000105956   -0.00543662      0.999985      0.539741
            1  -0.000375419   0.000891306   -0.00649455   0.000371405       0.99999     0.0044988      0.160096  -0.000892986   -0.00449846      0.999989      0.548603
            1  -0.000127705   0.000710461   -0.00941657   0.000123982      0.999986    0.00523751       0.20932   -0.00071112   -0.00523742      0.999986      0.511671
            1   5.41384e-05   0.000684689    -0.0123568  -5.78158e-05      0.999986      0.005372      0.231391  -0.000684389   -0.00537204      0.999985      0.503069
