# 3dvolreg matrices (DICOM-to-DICOM, row-by-row):
            1             0             0            -0             0             1             0            -0             0             0             1            -0
            1  -0.000217222  -9.92998e-05    -0.0264827   0.000216926      0.999996   -0.00297168    -0.0518122   9.99449e-05    0.00297166      0.999996      -0.24518
            1   0.000107493    9.7858e-05    -0.0208834  -0.000107206      0.999996   -0.00293203    -0.0597056  -9.81728e-05    0.00293202      0.999996      -0.24983
            1   2.18892e-05   6.07151e-05    -0.0121564  -2.17035e-05      0.999995    -0.0030569    -0.0606335  -6.07817e-05    0.00305689      0.999995     -0.284906
            1   -8.1848e-05   4.47273e-05  -0.000392597   8.19813e-05      0.999996   -0.00298913    -0.0545734  -4.44824e-05    0.00298914      0.999996     -0.279605
            1  -0.000343674   0.000162285     0.0101078   0.000344168      0.999995   -0.00305719    -0.0520685  -0.000161234    0.00305724      0.999995     -0.281195
            1  -0.000611931   8.06957e-05   -0.00441196   0.000612223      0.999993   -0.00366715     -0.074938  -7.84511e-05     0.0036672      0.999993     -0.301454
            1   8.70228e-05  -9.94502e-08   0.000215137  -8.70225e-05      0.999993   -0.00381559    -0.0644534  -2.32594e-07    0.00381559      0.999993     -0.310072
            1  -0.000200482  -0.000135955   -0.00667992   0.000199945      0.999992   -0.00394075    -0.0722314   0.000136744    0.00394073      0.999992     -0.317302
            1  -0.000314713  -0.000292912   -0.00491224   0.000313746      0.999995   -0.00329452    -0.0633475   0.000293947    0.00329443      0.999995     -0.307067
            1  -0.000353058  -0.000206154   -0.00331924   0.000352328      0.999994   -0.00353015    -0.0781187   0.000207399    0.00353007      0.999994     -0.362056
            1  -2.83545e-05  -0.000844782    -0.0398339   2.89961e-05             1   0.000759485    -0.0335381    0.00084476  -0.000759509      0.999999     -0.281571
     0.999999   -0.00104641   -0.00113025    0.00392574    0.00104714      0.999999    0.00064763    -0.0697641    0.00112957  -0.000648813      0.999999     -0.309122
     0.999999  -0.000779155   -0.00101789   -0.00687831   0.000779065             1  -8.92842e-05    -0.0487836    0.00101796   8.84912e-05      0.999999     -0.355685
     0.999999  -0.000503724   -0.00102366  -0.000556648   0.000503445             1  -0.000273089    -0.0450372    0.00102379   0.000272574      0.999999      -0.34808
     0.999999  -0.000400375    -0.0010606    0.00937213   0.000399986             1  -0.000366818    -0.0433193    0.00106075   0.000366394      0.999999     -0.352308
            1  -0.000298644  -0.000563027     0.0246459   0.000298501             1  -0.000253949    -0.0371216   0.000563103   0.000253781             1     -0.375787
     0.999999   -0.00104284   7.99708e-05    0.00185559    0.00104309      0.999995   -0.00311745     -0.103624  -7.67193e-05    0.00311753      0.999995     -0.358914
            1  -0.000577898  -0.000177565   -0.00139793    0.00057744      0.999997   -0.00256756     -0.085158   0.000179048    0.00256746      0.999997     -0.303469
            1  -0.000839354   -0.00036835     0.0157511    0.00083885      0.999999   -0.00136557    -0.0631789   0.000369496    0.00136526      0.999999      -0.39517
     0.999998   -0.00196267  -0.000414796     0.0164851     0.0019619      0.999996   -0.00185218    -0.0581391   0.000418429    0.00185136      0.999998     -0.422698
     0.999998   -0.00170754  -0.000348475     0.0181743    0.00170699      0.999997   -0.00156901     -0.053472   0.000351153    0.00156841      0.999999     -0.426995
     0.999999   -0.00163755  -0.000360437     0.0248259     0.0016365      0.999994   -0.00289261    -0.0710068   0.000365172    0.00289201      0.999996     -0.442989
     0.999999   -0.00167006  -0.000394162      0.022699     0.0016688      0.999994   -0.00317899    -0.0794377   0.000399469    0.00317833      0.999995      -0.44661
     0.999999   -0.00165342   -0.00024155     0.0241129    0.00165253      0.999992   -0.00364813    -0.0951805    0.00024758    0.00364772      0.999993     -0.446858
     0.999998   -0.00209406   0.000234874     0.0284647    0.00209531      0.999983    -0.0054465     -0.155308  -0.000223465    0.00544698      0.999985     -0.745631
     0.999999   -0.00168845  -1.92426e-05     0.0253026    0.00168823      0.999964   -0.00831415     -0.166368   3.32799e-05     0.0083141      0.999965     -0.736195
     0.999999   -0.00166841   8.54796e-05     0.0261558    0.00166895      0.999976   -0.00677839      -0.15104  -7.41684e-05    0.00677853      0.999977     -0.575227
     0.999999   -0.00151004   0.000104813     0.0318419    0.00151062      0.999982   -0.00573897      -0.12517   -9.6145e-05    0.00573912      0.999984     -0.515733
     0.999999   -0.00141226   8.09473e-05     0.0449014     0.0014127      0.999982   -0.00579952     -0.125954  -7.27555e-05    0.00579963      0.999983     -0.541622
     0.999999   -0.00140916  -1.30515e-05     0.0381308    0.00140905      0.999978   -0.00642305     -0.129465   2.21023e-05    0.00642302      0.999979     -0.548015
     0.999999   -0.00145065   1.40682e-05     0.0390062    0.00145071      0.999983   -0.00569441     -0.122855  -5.80733e-06    0.00569443      0.999984       -0.5231
     0.999999   -0.00149201  -3.17467e-05     0.0440494    0.00149179      0.999981   -0.00596969     -0.121528    4.0653e-05    0.00596964      0.999982     -0.522945
     0.999999   -0.00136965   0.000231655     0.0414305    0.00137109      0.999979   -0.00635859     -0.124166  -0.000222941     0.0063589       0.99998     -0.538685
     0.999999   -0.00112892   7.06214e-05      0.052036    0.00112933      0.999981   -0.00611387     -0.140474   -6.3718e-05    0.00611394      0.999981     -0.522347
     0.999999   -0.00159766  -5.37314e-05     0.0461133    0.00159723      0.999973   -0.00714456     -0.163564   6.51446e-05    0.00714446      0.999974     -0.536393
     0.999999   -0.00139811   5.33945e-05     0.0494441    0.00139841       0.99998   -0.00610348      -0.14994  -4.48601e-05    0.00610355      0.999981     -0.513295
     0.999999   -0.00145332   0.000162332     0.0429233    0.00145441      0.999975    -0.0069227     -0.150882  -0.000152267    0.00692293      0.999976     -0.531079
     0.999999   -0.00112841   0.000228381     0.0425772    0.00112982      0.999979   -0.00630639     -0.143669   -0.00022126    0.00630664       0.99998     -0.508982
     0.999999   -0.00123187    0.00012873     0.0437479    0.00123273      0.999975    -0.0069193      -0.15441  -0.000120203    0.00691945      0.999976     -0.506285
     0.999999   -0.00115717   0.000247501     0.0555251    0.00115886      0.999975   -0.00694553     -0.147539  -0.000239457    0.00694581      0.999976     -0.509401
     0.999999  -0.000960971   0.000375771     0.0620062   0.000963481      0.999977   -0.00673853      -0.13349  -0.000369287    0.00673889      0.999977     -0.479863
     0.999999   -0.00104538   0.000439179     0.0593327    0.00104865      0.999971   -0.00753028      -0.15055  -0.000431295    0.00753073      0.999972     -0.501803
     0.999999  -0.000888564   0.000485157      0.054064   0.000892101      0.999973    -0.0073396     -0.162674  -0.000478622    0.00734003      0.999973     -0.527722
     0.999999   -0.00146791   0.000303412     0.0294435    0.00147011      0.999972   -0.00736612      -0.17679   -0.00029259    0.00736656      0.999973     -0.529671
     0.999998    -0.0019365   0.000530155    0.00229253     0.0019395      0.999982   -0.00571532     -0.144456  -0.000519078    0.00571634      0.999984     -0.490156
     0.999998   -0.00156429    0.00137444     0.0223284    0.00157103      0.999987   -0.00491819     -0.169495   -0.00136673    0.00492034      0.999987     -0.482046
     0.999998  -0.000662442    0.00212334     0.0561504   0.000680446      0.999964   -0.00848962     -0.170619   -0.00211764    0.00849105      0.999962     -0.554604
     0.999998   -0.00113229    0.00156022     0.0458279    0.00114448      0.999969   -0.00783391     -0.163294    -0.0015513    0.00783568      0.999968     -0.540162
     0.999998   -0.00108188    0.00156812     0.0532656    0.00109389       0.99997   -0.00768013     -0.155325   -0.00155977    0.00768184      0.999969     -0.554482
     0.999998  -0.000907165     0.0014772     0.0571422   0.000918096      0.999972    -0.0074165     -0.152306   -0.00147043    0.00741785      0.999971     -0.545913
     0.999998  -0.000985219    0.00157612     0.0511052   0.000997615      0.999968   -0.00788357     -0.156318   -0.00156831    0.00788513      0.999968     -0.550805
     0.999998   -0.00079808    0.00165582       0.04864   0.000811154      0.999968   -0.00791013     -0.161925   -0.00164946    0.00791146      0.999967     -0.555703
     0.999998  -0.000922305    0.00173481     0.0500588   0.000936364      0.999967   -0.00812082     -0.173147   -0.00172727    0.00812243      0.999966     -0.568393
     0.999998   -0.00123635    0.00162315     0.0467672    0.00125053      0.999961   -0.00876763     -0.187121   -0.00161225    0.00876964       0.99996     -0.562556
     0.999998   -0.00123413     0.0017593     0.0441825    0.00124849      0.999966   -0.00818657     -0.189511   -0.00174913    0.00818874      0.999965      -0.53371
     0.999997  -0.000868925    0.00241615     0.0878473   0.000891246      0.999957   -0.00925288     -0.201325     -0.002408      0.009255      0.999954     -0.587354
     0.999995   -0.00172256    0.00248809     0.0551661    0.00174399      0.999961   -0.00863371     -0.200639   -0.00247312    0.00863801       0.99996     -0.685819
     0.999997    -0.0013713    0.00194408     0.0553959     0.0013886      0.999959   -0.00892556     -0.195399   -0.00193176    0.00892824      0.999958      -0.61339
     0.999997   -0.00181321    0.00184884     0.0529397    0.00182964      0.999958   -0.00892607     -0.189721   -0.00183257    0.00892942      0.999958     -0.586311
     0.999997    -0.0016252       0.00189     0.0463103    0.00164273      0.999955   -0.00931292     -0.179251   -0.00187478      0.009316      0.999955     -0.595754
     0.999997   -0.00159486    0.00172438     0.0378211    0.00160973      0.999961   -0.00865719     -0.170081    -0.0017105    0.00865994      0.999961      -0.57253
     0.999997   -0.00187075    0.00160376     0.0169786    0.00188605      0.999952   -0.00959258     -0.180214   -0.00158574    0.00959557      0.999953     -0.608682
     0.999997   -0.00156147    0.00188724     0.0160156     0.0015789      0.999956   -0.00927092      -0.17464   -0.00187268    0.00927387      0.999955     -0.577193
     0.999997   -0.00137216    0.00203604      0.019274    0.00139072      0.999957   -0.00913998     -0.174153   -0.00202341    0.00914279      0.999956       -0.5506
     0.999997   -0.00075545    0.00243052   -0.00473142   0.000777397      0.999959   -0.00904187     -0.224284   -0.00242358    0.00904373      0.999956     -0.543541
     0.999996  -0.000498544    0.00269308   -0.00127592   0.000522269      0.999961   -0.00881624     -0.200795   -0.00268858    0.00881762      0.999958     -0.548109
     0.999996  -0.000914374    0.00265116    0.00224136   0.000939358      0.999955    -0.0094379     -0.200256   -0.00264241    0.00944036      0.999952      -0.58123
     0.999996  -0.000867792    0.00251728     0.0129294    0.00089089      0.999957   -0.00918913     -0.191445    -0.0025092    0.00919134      0.999955     -0.579617
     0.999996  -0.000972482    0.00254734     0.0154044   0.000996246      0.999956   -0.00934444     -0.189027   -0.00253814    0.00934695      0.999953     -0.587369
     0.999996  -0.000901051    0.00260208     0.0239313   0.000924493      0.999959   -0.00902173     -0.189264   -0.00259385     0.0090241      0.999956     -0.586559
     0.999996   -0.00100661    0.00268752     0.0178566     0.0010327      0.999952   -0.00972247     -0.198717   -0.00267761     0.0097252      0.999949     -0.582269
     0.999996   -0.00154443    0.00227544    -0.0139193    0.00156707      0.999949   -0.00998507     -0.234974    -0.0022599     0.0099886      0.999948     -0.595209
     0.999993   -0.00115647    0.00345498     0.0261986     0.0011875      0.999959   -0.00899442     -0.211656   -0.00344443    0.00899846      0.999954     -0.558711
     0.999993  -0.000805488    0.00375829     0.0256561   0.000840724      0.999956   -0.00938323     -0.244791   -0.00375057    0.00938633      0.999949     -0.564477
     0.999992  -0.000530802    0.00399524     0.0266014   0.000569429      0.999953   -0.00967351     -0.240241   -0.00398992    0.00967571      0.999945     -0.617366
     0.999993  -0.000463359    0.00368517     0.0291651   0.000497557      0.999957   -0.00928442     -0.228024    -0.0036807    0.00928619       0.99995     -0.611147
     0.999994  -0.000661283     0.0035026     0.0290047   0.000695892      0.999951   -0.00988879      -0.23362   -0.00349589    0.00989116      0.999945      -0.64478
     0.999994  -0.000697248     0.0033141     0.0277004   0.000727761      0.999957   -0.00921487     -0.227397   -0.00330753    0.00921723      0.999952     -0.633968
     0.999995  -0.000729926      0.003203     0.0324173   0.000759971      0.999956   -0.00938914     -0.228974     -0.003196    0.00939152      0.999951     -0.642971
     0.999995  -0.000730345    0.00319786     0.0359277   0.000761339      0.999953   -0.00970149     -0.227396   -0.00319063    0.00970387      0.999948     -0.628064
     0.999995  -0.000503833    0.00311074     0.0355131   0.000533356      0.999955   -0.00949721     -0.223461   -0.00310582    0.00949882       0.99995     -0.605041
     0.999995  -0.000957783    0.00308926     0.0289494    0.00098923      0.999948    -0.0101941     -0.246332   -0.00307933     0.0101971      0.999943      -0.61551
     0.999994   -0.00108924    0.00315535      0.011487     0.0011226      0.999943    -0.0105915     -0.264616   -0.00314363      0.010595      0.999939     -0.626808
     0.999994   -0.00116644    0.00318473    0.00620781    0.00119901      0.999947    -0.0102433      -0.25877   -0.00317261      0.010247      0.999942     -0.609488
     0.999994   -0.00106038    0.00327028    0.00333003    0.00109359      0.999948    -0.0101724     -0.252229   -0.00325932     0.0101759      0.999943     -0.615197
     0.999994   -0.00107883    0.00318223    0.00756625      0.001113      0.999942    -0.0107556     -0.266742   -0.00317045     0.0107591      0.999937      -0.63714
     0.999994  -0.000917154    0.00318828     0.0168201   0.000949466      0.999948    -0.0101478     -0.253827    -0.0031788     0.0101508      0.999943     -0.617895
     0.999995   -0.00107766    0.00312101      0.011706    0.00111038      0.999944    -0.0105003     -0.252203   -0.00310952     0.0105038       0.99994     -0.601821
     0.999995  -0.000892582    0.00307916     0.0143782    0.00092374      0.999948    -0.0101323     -0.250123   -0.00306996     0.0101351      0.999944     -0.616724
     0.999994   -0.00104933    0.00321553    0.00991656    0.00108217      0.999947    -0.0102291     -0.251839   -0.00320463     0.0102326      0.999943     -0.608507
     0.999994   -0.00117232    0.00323595    -0.0261559    0.00120653      0.999943    -0.0105911     -0.244933   -0.00322335     0.0105949      0.999939     -0.570306
     0.999994   -0.00117948    0.00323834    -0.0229799    0.00121363      0.999943    -0.0105632     -0.252946    -0.0032257      0.010567      0.999939     -0.604469
     0.999993   -0.00137817    0.00345085    -0.0337787    0.00141616      0.999938     -0.011032     -0.264384   -0.00343544     0.0110368      0.999933     -0.603153
     0.999993   -0.00137606    0.00341081    -0.0372303    0.00141345      0.999939    -0.0109844     -0.267782   -0.00339548     0.0109892      0.999934      -0.60647
     0.999993   -0.00140387    0.00341877    -0.0409979    0.00144084       0.99994    -0.0108351     -0.268496   -0.00340335       0.01084      0.999935     -0.609722
     0.999993   -0.00161089    0.00341666    -0.0463822    0.00164879      0.999937    -0.0111194     -0.273829   -0.00339853     0.0111249      0.999932      -0.60384
     0.999993   -0.00175474    0.00336018     -0.052114      0.001792      0.999937    -0.0111165     -0.277267   -0.00334046     0.0111224      0.999933      -0.61581
     0.999992   -0.00113489    0.00378553    0.00238621    0.00117585      0.999941    -0.0108349     -0.268291   -0.00377301     0.0108393      0.999934     -0.618019
     0.999993   -0.00143999    0.00357397   -0.00987558    0.00148129      0.999932    -0.0115807     -0.280494   -0.00355705      0.011586      0.999927     -0.638974
     0.999993   -0.00133248    0.00352977    -0.0165854    0.00137287      0.999933    -0.0114658     -0.279959   -0.00351425     0.0114706      0.999928     -0.642189
     0.999992   -0.00121516    0.00377152    -0.0171045    0.00125561      0.999941    -0.0107435     -0.264513   -0.00375824     0.0107481      0.999935     -0.618023
     0.999993  -0.000888288    0.00363035    -0.0100933   0.000928316      0.999939     -0.011039     -0.265952   -0.00362032     0.0110423      0.999932     -0.639522
     0.999993   -0.00104476    0.00371493    -0.0214699    0.00108789      0.999932     -0.011627     -0.286125   -0.00370253      0.011631      0.999926     -0.637239
     0.999993   -0.00095944    0.00361914    -0.0172822    0.00099971      0.999937    -0.0111415     -0.278247   -0.00360822      0.011145      0.999931     -0.640352
     0.999993  -0.000504193    0.00362278    0.00185702    0.00054326      0.999942    -0.0107906     -0.269573   -0.00361713     0.0107925      0.999935     -0.617326
     0.999993  -0.000782545    0.00367822    -0.0110956   0.000824486      0.999935     -0.011415      -0.28459   -0.00366905     0.0114179      0.999928     -0.646662
     0.999993  -0.000845799    0.00374025    -0.0140933   0.000886708       0.99994    -0.0109495     -0.281979   -0.00373077     0.0109527      0.999933     -0.638696
     0.999991   -0.00124443    0.00416687    -0.0490782    0.00129287      0.999931    -0.0116427     -0.296614   -0.00415209     0.0116479      0.999924     -0.661683
     0.999991   -0.00117753     0.0040772    -0.0603529    0.00122346      0.999936     -0.011282     -0.303667   -0.00406366     0.0112869      0.999928     -0.711299
     0.999988   -0.00188391    0.00441631    -0.0774595    0.00193174      0.999939    -0.0108509     -0.323935    -0.0043956     0.0108593      0.999931     -0.836142
      0.99999   -0.00136408    0.00421164    -0.0947406    0.00140794      0.999945    -0.0104282     -0.330173   -0.00419718     0.0104341      0.999937      -0.98813
     0.999994   0.000202265     0.0034118    -0.0950764  -0.000163321      0.999935     -0.011411     -0.366442   -0.00341388     0.0114103      0.999929     -0.996029
      0.99999   -0.00116758    0.00421631    -0.0765001    0.00121454      0.999937    -0.0111508      -0.38985   -0.00420302     0.0111558      0.999929     -0.851843
     0.999991    -0.0015705    0.00382529     -0.047834    0.00160358      0.999961   -0.00866153       -0.3423   -0.00381154    0.00866759      0.999955     -0.602577
     0.999991    -0.0015554    0.00384695    -0.0292897    0.00156938      0.999992   -0.00363439     -0.297731   -0.00384127     0.0036404      0.999986     -0.543728
     0.999993   -0.00137066    0.00349698    -0.0491852    0.00138221      0.999994   -0.00330067      -0.26663   -0.00349243    0.00330548      0.999988     -0.600089
     0.999994   -0.00126946    0.00329824    -0.0384343    0.00128458      0.999989   -0.00458635     -0.244991   -0.00329238    0.00459056      0.999984     -0.655402
     0.999995   -0.00106927    0.00311954    -0.0379162    0.00108628      0.999985   -0.00545676     -0.253725   -0.00311365    0.00546012       0.99998     -0.639911
     0.999992   -0.00341874    0.00183816     0.0260112    0.00341418      0.999991    0.00247531      -0.17745   -0.00184661   -0.00246901      0.999995     -0.886788
     0.999995    -0.0017202    0.00276015     0.0760027    0.00172633      0.999996   -0.00222002     -0.307036   -0.00275632    0.00222477      0.999994     -0.792496
     0.999998  -0.000607877    0.00181264     0.0448162   0.000604792      0.999998    0.00170227      -0.28427   -0.00181367   -0.00170117      0.999997     -0.482763
     0.999997  -0.000985368    0.00243293      0.028103   0.000989531      0.999998   -0.00171075     -0.245289   -0.00243124    0.00171315      0.999996     -0.221228
     0.999997  -0.000735552    0.00252378     0.0211884   0.000746387       0.99999   -0.00429466     -0.262841    -0.0025206    0.00429653      0.999988     -0.308441
     0.999996  -0.000927076    0.00252997     0.0206685   0.000939473      0.999988    -0.0049033     -0.269585   -0.00252539    0.00490566      0.999985     -0.318537
     0.999996   -0.00098097    0.00266119     0.0136563   0.000995416      0.999985   -0.00543279     -0.249955   -0.00265582    0.00543541      0.999982     -0.346049
     0.999996  -0.000751859    0.00262205   -0.00830835   0.000769407      0.999977   -0.00669787     -0.269524   -0.00261695    0.00669986      0.999974     -0.358408
     0.999996  -0.000767823    0.00276948   -0.00520295   0.000787291      0.999975   -0.00703538     -0.270709   -0.00276401    0.00703753      0.999971      -0.38724
     0.999998  -0.000317982      0.001889    -0.0650134   0.000336502      0.999952   -0.00981174     -0.253224   -0.00188579    0.00981235       0.99995     -0.826607
     0.999994  -0.000854959    0.00323306    -0.0183019   0.000898178       0.99991    -0.0133903     -0.299131   -0.00322132     0.0133931      0.999905     -0.822267
     0.999988  -0.000257197    0.00479628   -0.00784198   0.000333458      0.999873    -0.0159058     -0.322641   -0.00479158     0.0159072      0.999862     -0.615276
      0.99999  -0.000620335    0.00438653    0.00355659   0.000688473      0.999879    -0.0155491     -0.328964   -0.00437636      0.015552      0.999869     -0.573635
     0.999991  -0.000163391    0.00419203     0.0226128   0.000232165      0.999865    -0.0164108     -0.322838   -0.00418878     0.0164116      0.999857     -0.548245
     0.999992   3.26461e-05    0.00399162     0.0314455   3.37923e-05      0.999861    -0.0166433     -0.327582   -0.00399161     0.0166433      0.999854     -0.546733
     0.999993   0.000168761    0.00383633      0.035412  -0.000105048      0.999862    -0.0166021     -0.328691    -0.0038386     0.0166015      0.999855     -0.552036
     0.999993   0.000245842    0.00380824     0.0336711  -0.000181343      0.999857     -0.016928     -0.329272   -0.00381185     0.0169272      0.999849     -0.544504
     0.999992   0.000445534    0.00401537     0.0169814  -0.000379463      0.999865    -0.0164403     -0.329113   -0.00402215     0.0164387      0.999857     -0.515328
     0.999992  -0.000258358    0.00389986      0.011245   0.000323777      0.999859    -0.0167837     -0.343315   -0.00389497     0.0167848      0.999852     -0.490678
     0.999991  -0.000197151    0.00430975     0.0499513   0.000267283      0.999867    -0.0162785     -0.325723   -0.00430597     0.0162795      0.999858     -0.424367
     0.999992   7.08919e-05     0.0039733     0.0379751  -7.72559e-06      0.999874    -0.0158955     -0.314879   -0.00397393     0.0158953      0.999866     -0.426762
     0.999993   0.000339294    0.00373394     0.0327919  -0.000280878      0.999878    -0.0156339     -0.295992   -0.00373878     0.0156327      0.999871     -0.414197
     0.999993   0.000455119    0.00374731     0.0419046  -0.000395697      0.999874    -0.0158427     -0.297578   -0.00375405     0.0158411      0.999867     -0.435918
     0.999993   0.000438497    0.00375992     0.0369029  -0.000377388      0.999868    -0.0162382     -0.314862   -0.00376655     0.0162366      0.999861     -0.452758
     0.999993    0.00053974    0.00365032      0.041327  -0.000481765      0.999874    -0.0158646     -0.309357   -0.00365842     0.0158628      0.999867     -0.445909
     0.999992    0.00073978    0.00384724     0.0366232   -0.00067878      0.999874    -0.0158326     -0.328735   -0.00385847     0.0158299      0.999867     -0.460186
     0.999992   0.000967806    0.00388084      0.044971  -0.000911253      0.999894    -0.0145478     -0.306805    -0.0038945     0.0145442      0.999887     -0.403129
     0.999992   0.000774851    0.00395633     0.0412105  -0.000714439      0.999883    -0.0152483     -0.322876   -0.00396768     0.0152453      0.999876      -0.41388
     0.999993   0.000852554     0.0035214      0.021284  -0.000805136      0.999909    -0.0134451      -0.30405   -0.00353254     0.0134422      0.999903     -0.369324
     0.999993   0.000693711    0.00361238     0.0279567  -0.000642455      0.999899    -0.0141709     -0.311419   -0.00362184     0.0141685      0.999893     -0.387197
     0.999994   0.000566792    0.00342649     0.0267197    -0.0005214      0.999912    -0.0132339     -0.302823   -0.00343369      0.013232      0.999907     -0.385627
     0.999993   0.000492277    0.00360001     0.0130331  -0.000446408      0.999919    -0.0127309     -0.306984   -0.00360598     0.0127292      0.999912     -0.376508
     0.999994    0.00032976     0.0034367     0.0033228  -0.000286704      0.999922    -0.0125214     -0.305834   -0.00344056     0.0125204      0.999916     -0.410938
     0.999994   0.000353997    0.00352953    0.00941248  -0.000307925      0.999915    -0.0130453     -0.315367   -0.00353385     0.0130441      0.999909     -0.370915
     0.999993   0.000603267    0.00358529     0.0030812  -0.000553362      0.999903     -0.013904     -0.337276   -0.00359333     0.0139019      0.999897     -0.380539
     0.999994   0.000807784    0.00343679     0.0129729  -0.000761476      0.999909    -0.0134541     -0.325243   -0.00344735     0.0134514      0.999904      -0.36473
     0.999993   0.000617967    0.00359613     0.0176196  -0.000568694      0.999906    -0.0136865      -0.33568   -0.00360425     0.0136844        0.9999      -0.37533
     0.999992   0.000627108    0.00387882      0.018938  -0.000574062      0.999907    -0.0136621      -0.33759   -0.00388703     0.0136597      0.999899      -0.39917
     0.999992   0.000672924    0.00397939     0.0190227  -0.000619786      0.999911    -0.0133394     -0.338862   -0.00398801     0.0133368      0.999903     -0.407133
     0.999989    0.00123308    0.00442574     0.0134219    -0.0011757      0.999916    -0.0129449     -0.337086   -0.00444133     0.0129396      0.999906     -0.463896
     0.999988    0.00134078    0.00476311     0.0175473   -0.00127678      0.999909    -0.0134143      -0.35191   -0.00478066      0.013408      0.999899     -0.505068
     0.999991   0.000840405    0.00423531    0.00948989   -0.00077903      0.999895    -0.0144722     -0.377942   -0.00424703     0.0144688      0.999886     -0.490445
     0.999993   0.000738773    0.00376583     0.0120024  -0.000686481      0.999904    -0.0138682     -0.368144   -0.00377571     0.0138655      0.999897     -0.438159
     0.999992   0.000655579    0.00393614    0.00623663  -0.000599251      0.999898    -0.0142948     -0.368252   -0.00394511     0.0142923       0.99989     -0.449192
     0.999992   0.000939091    0.00379074     0.0187577  -0.000884684      0.999897    -0.0143288     -0.355861   -0.00380381     0.0143253       0.99989     -0.444961
     0.999992   0.000876961    0.00379473    0.00890797  -0.000823423        0.9999    -0.0140873     -0.356871   -0.00380671     0.0140841      0.999894     -0.439067
     0.999993    0.00088775    0.00355379    0.00792007  -0.000838042      0.999902    -0.0139645     -0.355225   -0.00356584     0.0139614      0.999896     -0.434171
     0.999993   0.000759523    0.00365135    0.00847764   -0.00070626      0.999894    -0.0145664     -0.367343   -0.00366203     0.0145637      0.999887     -0.427754
     0.999993   0.000831448     0.0035801     0.0227831  -0.000780239      0.999898    -0.0142814     -0.361337   -0.00359161     0.0142785      0.999892     -0.411054
     0.999994   0.000608216    0.00354984     0.0103602  -0.000556352      0.999893    -0.0145929     -0.374254   -0.00355833     0.0145908      0.999887     -0.422027
     0.999986    0.00378008    0.00372667      -0.19205   -0.00371846      0.999859    -0.0164058     -0.357432   -0.00378816     0.0163917      0.999858     -0.452511
     0.999982    0.00124437    0.00594158     -0.108957   -0.00110025      0.999707    -0.0241977     -0.407364   -0.00596994     0.0241907       0.99969     -0.566368
     0.999988   0.000266483    0.00487904     0.0474154  -0.000156359      0.999746    -0.0225572     -0.381059   -0.00488381     0.0225561      0.999734     -0.124575
     0.999989    0.00102682     0.0045108     0.0351823   -0.00091953      0.999718    -0.0237239     -0.385341   -0.00453389     0.0237195      0.999708     -0.138844
     0.999989     0.0012531    0.00457459       0.01954   -0.00114511      0.999722    -0.0235324     -0.386913   -0.00460281     0.0235269      0.999713     -0.156022
     0.999989    0.00114061    0.00443864    0.00733106   -0.00103787      0.999733    -0.0230815     -0.393923   -0.00446378     0.0230766      0.999724      -0.16101
     0.999991   0.000970389    0.00415579     0.0265493  -0.000875458       0.99974    -0.0227842     -0.388092   -0.00417682     0.0227803      0.999732      -0.11123
     0.999991    0.00103254    0.00412116     0.0528361  -0.000938684      0.999742    -0.0227117      -0.39803   -0.00414354     0.0227077      0.999734     -0.106974
     0.999992    0.00128649    0.00383798     0.0555806    -0.0012011      0.999754    -0.0221681     -0.409529   -0.00386556     0.0221633      0.999747      -0.11345
     0.999991    0.00156956    0.00393608     0.0347982   -0.00148757      0.999784    -0.0207468     -0.410056   -0.00396779     0.0207407      0.999777     -0.137542
     0.999991    0.00120196    0.00402277     0.0293809    -0.0011196      0.999791    -0.0204142     -0.429535   -0.00404646     0.0204095      0.999784     -0.175168
     0.999992    0.00106355     0.0038903     0.0399469  -0.000984212      0.999793    -0.0203394     -0.431267   -0.00391112     0.0203354      0.999786     -0.171684
     0.999991    0.00108759     0.0040368     0.0288374   -0.00100987      0.999815    -0.0192054     -0.433144   -0.00405694     0.0192012      0.999807     -0.245508
      0.99999   0.000930263    0.00432168     0.0245078  -0.000848637      0.999822     -0.018851     -0.433938   -0.00433845     0.0188472      0.999813     -0.295904
      0.99999   0.000897002    0.00446992     0.0262333  -0.000807487        0.9998    -0.0199878     -0.441505   -0.00448695      0.019984       0.99979     -0.280014
      0.99999   0.000582834    0.00438512     0.0300673  -0.000504624      0.999841    -0.0178152     -0.396657    -0.0043948     0.0178128      0.999832      -0.21021
     0.999991    0.00068528    0.00423847     0.0170572  -0.000614568      0.999861    -0.0166624     -0.437118    -0.0042493     0.0166596      0.999852     -0.348035
     0.999991  -0.000964966    0.00400936     0.0459371    0.00101611      0.999918    -0.0127726     -0.367081    -0.0039967     0.0127766       0.99991    -0.0185283
     0.999997   -0.00089814    0.00244514      0.043726   0.000890388      0.999995    0.00316944     -0.247405   -0.00244798   -0.00316725      0.999992      0.183467
     0.999995  -0.000770326    0.00291239     0.0693281   0.000777187      0.999997   -0.00235545     -0.280556   -0.00291057     0.0023577      0.999993      0.040496
     0.999995  -0.000519201    0.00316562     0.0821664   0.000532872      0.999991   -0.00431913     -0.304276   -0.00316335    0.00432079      0.999986    -0.0050036
     0.999995  -0.000548643     0.0032072      0.111306   0.000573488       0.99997   -0.00775097     -0.323336   -0.00320285    0.00775277      0.999965     -0.052136
     0.999995  -0.000506062    0.00311437      0.117373   0.000536876      0.999951   -0.00990125     -0.336953   -0.00310921    0.00990287      0.999946    -0.0701146
     0.999995  -0.000577099    0.00300491     0.0933658   0.000606677      0.999951   -0.00985153     -0.320593   -0.00299907    0.00985331      0.999947    -0.0711328
     0.999995   -0.00193547    0.00261326      0.030356    0.00196063      0.999951    -0.0096582     -0.428501   -0.00259444    0.00966328       0.99995    -0.0459561
     0.999996  -0.000750192    0.00287058     0.0798333    0.00077627      0.999958   -0.00909436     -0.400592   -0.00286364    0.00909655      0.999955    0.00538115
     0.999993  -0.000383883    0.00376266      0.117862   0.000430564      0.999923    -0.0124135     -0.386673   -0.00375761     0.0124151      0.999916    -0.0355821
     0.999993  -4.87697e-05    0.00369656      0.117655   9.58177e-05      0.999919    -0.0127284     -0.382092   -0.00369564     0.0127287      0.999912    -0.0374991
     0.999994   1.89011e-05    0.00335547      0.126526   2.26451e-05      0.999923    -0.0123812     -0.379202   -0.00335545     0.0123812      0.999918    -0.0296979
     0.999994   6.02203e-05     0.0033321      0.108732  -1.86733e-05      0.999922    -0.0124674     -0.383244   -0.00333259     0.0124672      0.999917     -0.115295
     0.999995    0.00027862     0.0032197     0.0342528  -0.000242573      0.999937    -0.0111908     -0.429592   -0.00322261     0.0111899      0.999932     -0.637668
     0.999996  -0.000486408     0.0028591   -0.00208819   0.000521316      0.999925    -0.0122214     -0.624467   -0.00285294     0.0122229      0.999921     -0.706413
     0.999993    -0.0016066    0.00331278      0.045725    0.00165819      0.999877    -0.0156269     -0.607652   -0.00328726     0.0156323      0.999872     -0.169951
     0.999992   -0.00142155    0.00371994     0.0648341    0.00149126      0.999822    -0.0188031      -0.47961   -0.00369255     0.0188085      0.999816     0.0238095
     0.999992  -0.000594139    0.00390293     0.0624211   0.000669576      0.999812    -0.0193555     -0.465671    -0.0038907      0.019358      0.999805     0.0330696
     0.999993   -0.00023704    0.00363332     0.0668008   0.000308161      0.999808    -0.0195866     -0.465489   -0.00362798     0.0195876      0.999802     0.0400536
     0.999993  -5.56987e-05    0.00367842     0.0783669   0.000127635      0.999809     -0.019559     -0.468627   -0.00367663     0.0195593      0.999802     0.0357552
     0.999993  -5.67001e-05    0.00362216     0.0845244    0.00012823      0.999805    -0.0197506     -0.480006   -0.00362033     0.0197509      0.999798     0.0318255
     0.999993  -0.000128114    0.00361082     0.0855795   0.000199609      0.999804    -0.0198069     -0.502444   -0.00360758     0.0198075      0.999797     0.0431574
     0.999994   -0.00019552    0.00343785     0.0856442   0.000263762      0.999803     -0.019861     -0.523662   -0.00343329     0.0198618      0.999797     0.0681343
     0.999994  -0.000164471    0.00337863      0.084443   0.000231324      0.999804    -0.0197961     -0.529385   -0.00337472     0.0197967      0.999798     0.0903186
     0.999994  -7.36706e-06    0.00341811     0.0850118   7.47942e-05      0.999805    -0.0197267     -0.521678    -0.0034173     0.0197269        0.9998      0.106563
     0.999993   0.000364975     0.0036769     0.0804588  -0.000289934      0.999792    -0.0203885     -0.522721   -0.00368357     0.0203873      0.999785       0.11347
     0.999993   0.000602258     0.0036039     0.0780815  -0.000529425      0.999796    -0.0201765        -0.515   -0.00361532     0.0201745       0.99979      0.126891
     0.999994   0.000639012    0.00348903     0.0802716  -0.000569778      0.999804    -0.0198087     -0.499585     -0.003501     0.0198065      0.999798       0.12944
     0.999994   0.000921413    0.00345077     0.0725129  -0.000853364      0.999806    -0.0196698     -0.490356   -0.00346822     0.0196667      0.999801      0.119916
     0.999993      0.001195    0.00344178     0.0660085   -0.00112765      0.999809    -0.0195055     -0.503341   -0.00346444     0.0195015      0.999804      0.104903
     0.999994    0.00136488    0.00326556     0.0694449   -0.00130047      0.999806    -0.0196462     -0.518712   -0.00329174     0.0196418      0.999802      0.159544
     0.999993    0.00146041    0.00332976     0.0764493   -0.00139626      0.999815    -0.0191874     -0.492175   -0.00335717     0.0191826       0.99981      0.111482
     0.999994    0.00152928     0.0032633     0.0763038   -0.00146793      0.999824    -0.0187187     -0.495005   -0.00329135     0.0187138      0.999819      0.109733
     0.999991    0.00236699    0.00362684      0.061027   -0.00229551      0.999806    -0.0195868     -0.486666    -0.0036725     0.0195783      0.999802     0.0987177
     0.999991    0.00247979    0.00347322     0.0426173   -0.00241265      0.999813    -0.0192019     -0.483993   -0.00352019     0.0191933       0.99981      0.105212
     0.999991     0.0024216    0.00352754     0.0577385   -0.00235418      0.999817    -0.0189918     -0.479436   -0.00357288     0.0189834      0.999813     0.0892202
     0.999991     0.0024522    0.00335842     0.0641518    -0.0023881      0.999817    -0.0189594     -0.467138    -0.0034043     0.0189512      0.999815     0.0741933
     0.999991    0.00233467    0.00356128     0.0677338   -0.00226445      0.999805    -0.0195957     -0.487259   -0.00360633     0.0195875      0.999802     0.0474085
     0.999992    0.00226522    0.00334852     0.0651924   -0.00220203      0.999822    -0.0187548     -0.480192    -0.0033904     0.0187473      0.999819     0.0601797
     0.999993     0.0020565    0.00323413     0.0563806   -0.00199421      0.999815    -0.0191478     -0.494291   -0.00327291     0.0191412      0.999811      0.078316
     0.999994    0.00195606    0.00295389     0.0515006   -0.00189967      0.999818    -0.0189729     -0.496728   -0.00299047     0.0189672      0.999816     0.0708594
     0.999994    0.00163954    0.00300149     0.0686589   -0.00158314      0.999824    -0.0186962     -0.486534   -0.00303161     0.0186914      0.999821     0.0735621
     0.999995    0.00163795    0.00286412      0.062275   -0.00158378      0.999822    -0.0188149     -0.486779   -0.00289443     0.0188102      0.999819     0.0656045
     0.999994     0.0017846    0.00289512     0.0710689   -0.00173141      0.999832    -0.0182712     -0.477818   -0.00292724     0.0182661      0.999829     0.0518772
     0.999995    0.00162586    0.00256856     0.0533086   -0.00157964      0.999839    -0.0178927     -0.480723   -0.00259723     0.0178885      0.999837     0.0553639
     0.999996    0.00149979    0.00230706     0.0499679   -0.00145571      0.999819    -0.0189914     -0.502617   -0.00233512      0.018988      0.999817      0.034895
     0.999996    0.00153724     0.0023126     0.0466228   -0.00149372      0.999824    -0.0187053     -0.499855   -0.00234094     0.0187017      0.999822     0.0595729
     0.999996    0.00150461    0.00225725     0.0456621   -0.00146215      0.999824    -0.0186955     -0.500364   -0.00228498     0.0186922      0.999823     0.0421279
     0.999996    0.00150131    0.00221748     0.0507718   -0.00146039      0.999831    -0.0183397     -0.498979   -0.00224464     0.0183364      0.999829     0.0415973
     0.999996    0.00168699    0.00214807     0.0517927   -0.00164894      0.999844     -0.017591     -0.497796   -0.00217741     0.0175874      0.999843     0.0567028
     0.999997    0.00150599    0.00213274     0.0420342   -0.00146826      0.999844    -0.0175817     -0.503904   -0.00215889     0.0175785      0.999843     0.0492085
