# 3dvolreg matrices (DICOM-to-DICOM, row-by-row):
            1             0             0            -0             0             1             0            -0             0             0             1            -0
            1  -3.60734e-05  -0.000861671    0.00395996    3.4579e-05      0.999998   -0.00173427     0.0254609   0.000861733    0.00173424      0.999998     0.0556759
     0.999999  -0.000107989   -0.00100607   0.000889642   0.000106797      0.999999    -0.0011842     0.0618809     0.0010062    0.00118409      0.999999      0.067698
            1   1.36461e-06  -0.000985463   -0.00103198  -3.40518e-06      0.999998   -0.00207067     0.0137563   0.000985458    0.00207068      0.999997      0.084252
     0.999999   0.000166857   -0.00134664  -0.000590098  -0.000169082      0.999999   -0.00165248   -0.00416563    0.00134636    0.00165271      0.999998     0.0549338
     0.999999   0.000215499   -0.00132413   -0.00317272  -0.000216916      0.999999   -0.00107026   -0.00741257     0.0013239    0.00107055      0.999999     0.0818033
     0.999999   0.000126296   -0.00155303   0.000745818  -0.000126689             1  -0.000253388     0.0120574    0.00155299   0.000253584      0.999999      0.165959
     0.999999   0.000820937   -0.00105102    -0.0158589  -0.000821398             1  -0.000438458    0.00338933    0.00105066   0.000439321      0.999999      0.192852
     0.999998   0.000582055   -0.00166839    0.00130201  -0.000584825      0.999998   -0.00165981     0.0577449    0.00166742    0.00166079      0.999997      0.158387
     0.999998   0.000819074   -0.00176815     0.0043571  -0.000821353      0.999999   -0.00128854     -0.116565    0.00176709    0.00128999      0.999998      0.245209
     0.999998   0.000767069   -0.00170206    0.00794074   -0.00077098      0.999997   -0.00229801     0.0616744    0.00170029    0.00229932      0.999996      0.196363
     0.999998   0.000623249   -0.00200859     0.0133452  -0.000627496      0.999998   -0.00211423    -0.0519317    0.00200727    0.00211548      0.999996      0.209907
     0.999998   0.000530222   -0.00172483     0.0162675  -0.000534878      0.999996   -0.00270019     0.0120469    0.00172339    0.00270111      0.999995      0.202504
     0.999999   0.000300219   -0.00148785     0.0127882  -0.000304635      0.999996   -0.00296882     0.0145648    0.00148696    0.00296927      0.999994      0.180609
     0.999999   0.000885228   -0.00130444     0.0129118  -0.000888411      0.999997   -0.00244133    -0.0837299    0.00130227    0.00244248      0.999996      0.175091
     0.999999   0.000557434   -0.00118029     0.0179165  -0.000561384      0.999994   -0.00334909     0.0188114    0.00117842    0.00334975      0.999994      0.129896
     0.999999   -2.8558e-05   -0.00110892     0.0244168   2.51165e-05      0.999995   -0.00310342     -0.019074      0.001109    0.00310339      0.999995     0.0308146
     0.999999   0.000664695   -0.00111027     0.0292988  -0.000668954      0.999992   -0.00383965    -0.0496815    0.00110771    0.00384039      0.999992     0.0956462
     0.999999   0.000439063   -0.00108874     0.0234495  -0.000443423      0.999992   -0.00400812    -0.0232963    0.00108697     0.0040086      0.999991     0.0548093
            1   0.000529957  -0.000775206     0.0298619  -0.000532658      0.999994   -0.00348814    -0.0943897   0.000773353    0.00348856      0.999994     0.0791722
            1  -0.000762797  -0.000563772     0.0181933   0.000760003      0.999988   -0.00494032     0.0329208   0.000567534    0.00493989      0.999988      0.187141
            1  -0.000280882  -0.000881559     0.0429451   0.000276594      0.999988   -0.00485987    -0.0128733   0.000882914    0.00485962      0.999988      0.108536
            1  -0.000311553   -0.00062249     0.0479518    0.00030895      0.999991   -0.00417756    -0.0314992   0.000623786    0.00417736      0.999991      0.089114
            1  -0.000377781  -0.000727137     0.0485352   0.000374365      0.999989   -0.00469243    -0.0160132   0.000728901    0.00469216      0.999989      0.103553
            1   -0.00030317  -0.000254097     0.0486865   0.000302197      0.999993   -0.00381993     0.0131643   0.000255253    0.00381985      0.999993      0.100538
            1  -0.000174857  -0.000463804     0.0564538   0.000173024      0.999992    -0.0039488    -0.0336996   0.000464491    0.00394872      0.999992      0.122462
            1  -0.000309909  -0.000239085     0.0523319   0.000308837       0.99999   -0.00447254    0.00831349   0.000240469    0.00447247       0.99999     0.0849311
            1  -0.000483454  -0.000421654     0.0600049   0.000481871      0.999993    -0.0037458   0.000128799   0.000423462     0.0037456      0.999993     0.0823951
            1  -0.000439007  -0.000217971     0.0600771   0.000437987      0.999989   -0.00465818     0.0489228   0.000220013    0.00465808      0.999989     0.0590041
            1  -0.000574055   9.47144e-05     0.0552245   0.000574414      0.999992   -0.00383272    -0.0268176  -9.25135e-05    0.00383278      0.999993    -0.0312684
            1  -0.000595954  -0.000166836     0.0586217   0.000595308      0.999992   -0.00384415    0.00420953   0.000169126    0.00384405      0.999993     0.0278209
            1  -0.000448771   6.40399e-05     0.0556704   0.000449039      0.999991    -0.0042407     0.0248715  -6.21363e-05    0.00424073      0.999991    0.00322971
            1  -0.000597199  -3.71333e-05     0.0573701   0.000597041      0.999991   -0.00413249     -0.048077   3.96009e-05    0.00413247      0.999991     -0.131622
            1  -0.000356431  -0.000344483     0.0791307   0.000354906       0.99999   -0.00441741     0.0528892   0.000346054    0.00441729       0.99999     -0.181576
     0.999999  -0.000872424  -0.000508077     0.0884301   0.000870201       0.99999   -0.00435843     -0.023894   0.000511874    0.00435799       0.99999     -0.145601
            1  -0.000760032   0.000211205     0.0744286   0.000761207      0.999984   -0.00561664      0.134412  -0.000206932     0.0056168      0.999984      -0.18078
            1  -0.000708843  -6.03088e-05     0.0790662   0.000708537      0.999988   -0.00492986    0.00825861   6.38026e-05    0.00492982      0.999988     -0.140836
            1  -0.000229727   0.000205912     0.0700035   0.000230894      0.999984   -0.00568399     0.0564693  -0.000204602    0.00568404      0.999984     -0.140091
            1  -0.000669236   1.61996e-05     0.0765323   0.000669312      0.999986   -0.00520433   -0.00349164  -1.27164e-05    0.00520434      0.999986     -0.114639
            1  -0.000604025   0.000168451     0.0689789   0.000605014      0.999982   -0.00593619     -0.042803  -0.000164863    0.00593629      0.999982     -0.169769
            1  -0.000541509   0.000200677     0.0712786   0.000542567      0.999986   -0.00530865     0.0116335    -0.0001978    0.00530876      0.999986     -0.150977
            1  -0.000645415   0.000205276     0.0751514   0.000646649      0.999981   -0.00606662    -0.0338561  -0.000201356    0.00606676      0.999982     -0.208573
            1  -0.000627396   0.000254543     0.0735945   0.000628697      0.999987   -0.00514214     0.0183145  -0.000251313     0.0051423      0.999987     -0.157459
            1  -0.000758527   0.000371704     0.0707268    0.00076069      0.999983   -0.00585494     -0.011595  -0.000367256    0.00585522      0.999983      -0.18784
            1  -0.000642635   0.000180631     0.0714195   0.000643581      0.999986   -0.00528625    -0.0678608  -0.000177232    0.00528637      0.999986     -0.173638
            1  -0.000712424   0.000118488     0.0719573   0.000713121      0.999982   -0.00599213     0.0304319  -0.000114217    0.00599221      0.999982     -0.180355
            1  -0.000557081   5.20743e-05     0.0700329   0.000557354      0.999985   -0.00540362     0.0328358  -4.90632e-05    0.00540365      0.999985     -0.177145
            1  -0.000721232    4.8163e-05     0.0694715   0.000721519       0.99998   -0.00624219    0.00359162    -4.366e-05    0.00624222      0.999981     -0.202394
            1  -0.000515052   0.000101186     0.0733715   0.000515597      0.999985   -0.00546016   -0.00732314  -9.83722e-05    0.00546022      0.999985     -0.169029
            1  -0.000459284    0.00018813     0.0773596   0.000460438      0.999981   -0.00617931    -0.0905607  -0.000185289    0.00617939      0.999981     -0.253426
            1  -0.000290577   0.000534523     0.0611269   0.000293421      0.999986   -0.00532755   0.000103585  -0.000532968    0.00532771      0.999986     -0.196576
            1  -0.000397895    0.00022027     0.0720503   0.000399051      0.999986   -0.00527624    -0.0383067  -0.000218168    0.00527632      0.999986     -0.211172
            1  -0.000445678   0.000368773     0.0665008   0.000447828      0.999983    -0.0058514  -0.000528212  -0.000366159    0.00585156      0.999983     -0.244572
            1  -0.000440595    0.00013251     0.0653264   0.000441266      0.999987   -0.00510658   -0.00397273  -0.000130259    0.00510663      0.999987     -0.201429
            1  -0.000366519    0.00028183     0.0623851   0.000368246      0.999981   -0.00615069     0.0974563   -0.00027957    0.00615079      0.999981     -0.257452
            1  -0.000287414    0.00027463      0.061784   0.000288884      0.999986   -0.00536867    -0.0537784  -0.000273083    0.00536874      0.999986     -0.216804
            1  -0.000413951   0.000392592     0.0652923   0.000416231      0.999983   -0.00582644    0.00221819  -0.000390174    0.00582661      0.999983     -0.256322
            1  -0.000452609   0.000265198     0.0638841   0.000454077      0.999984   -0.00555905    -0.0484194  -0.000262678    0.00555917      0.999985     -0.253231
            1  -0.000380806    7.3925e-05     0.0648015   0.000381199      0.999985   -0.00538785    -0.0463733  -7.18722e-05    0.00538787      0.999985     -0.239578
            1  -0.000468318   0.000168618     0.0643731   0.000469349      0.999981   -0.00616627      0.028365  -0.000165727    0.00616634      0.999981     -0.259126
            1  -0.000403466  -0.000202495     0.0687912   0.000402358      0.999985   -0.00544047    -0.0758991   0.000204687    0.00544039      0.999985     -0.198701
            1  -0.000511895   4.10369e-05     0.0662739   0.000512149      0.999979   -0.00646373     0.0663603  -3.77273e-05    0.00646375      0.999979     -0.277329
            1  -0.000396982  -1.35574e-05     0.0602847   0.000396902      0.999985   -0.00549082   -0.00662155   1.57369e-05    0.00549082      0.999985     -0.211928
            1  -0.000383821    -0.0002977     0.0706091   0.000381977      0.999981   -0.00616983   -0.00562657   0.000300063    0.00616972      0.999981     -0.242702
            1  -0.000341871   2.94612e-05     0.0661727   0.000342046      0.999981   -0.00614794    0.00829198  -2.73589e-05    0.00614795      0.999981     -0.275838
            1  -0.000404153  -7.45632e-05     0.0647971   0.000403738      0.999985   -0.00547914    -0.0318559   7.67765e-05    0.00547911      0.999985     -0.241412
            1  -0.000456589   6.87171e-05     0.0640387   0.000457021      0.999979   -0.00641719     0.0697477  -6.57857e-05    0.00641722      0.999979     -0.295595
            1   -0.00056114  -0.000178088     0.0619928    0.00056015      0.999985   -0.00551451    -0.0175571    0.00018118    0.00551441      0.999985     -0.238648
            1  -0.000565291    1.2721e-05     0.0633955   0.000565363      0.999978   -0.00658097     0.0769064  -9.00059e-06    0.00658097      0.999978      -0.28706
            1  -0.000274704   6.70824e-06     0.0613322   0.000274738      0.999983   -0.00576206     -0.081256  -5.12527e-06    0.00576207      0.999983     -0.235695
            1  -0.000485477    8.8089e-05     0.0610076   0.000486044      0.999978   -0.00655476     0.0925616  -8.49049e-05     0.0065548      0.999979     -0.296546
            1  -0.000192504   1.01108e-05     0.0650765   0.000192556      0.999985   -0.00547058    -0.0613065  -9.05755e-06    0.00547058      0.999985      -0.23835
            1  -0.000326719   0.000102632     0.0638163   0.000327381      0.999979   -0.00652038     0.0247085  -0.000100499    0.00652042      0.999979     -0.289272
            1   -0.00022063   0.000131953      0.062183   0.000221364      0.999984    -0.0055907    -0.0414858  -0.000130718    0.00559073      0.999984     -0.251336
            1  -0.000318129   5.01586e-05     0.0644943   0.000318445      0.999979   -0.00643017    -0.0129673  -4.81119e-05    0.00643019      0.999979     -0.293831
            1  -0.000256659   0.000143502     0.0616148   0.000257449      0.999985   -0.00553563     0.0303316  -0.000142079    0.00553567      0.999985      -0.25223
            1  -0.000451504  -0.000119198     0.0671667   0.000450758      0.999981   -0.00618179     -0.110595   0.000121987    0.00618174      0.999981     -0.270103
            1  -0.000420735   7.91354e-05     0.0648647   0.000421206      0.999982   -0.00604748    -0.0188396  -7.65895e-05    0.00604752      0.999982     -0.261312
            1  -0.000331746  -0.000186372     0.0688129     0.0003307      0.999984   -0.00558513    -0.0337822   0.000188222    0.00558507      0.999984     -0.250584
            1  -0.000495409   1.25803e-05     0.0614918   0.000495483      0.999977   -0.00674796    -0.0325677  -9.23704e-06    0.00674796      0.999977     -0.298337
            1   0.000862269   0.000322012     0.0706668  -0.000860251       0.99998   -0.00621313     -0.299716  -0.000327363    0.00621285      0.999981     -0.545391
     0.999999   0.000198033    0.00110732     0.0472742  -0.000192556      0.999988   -0.00494375    -0.0210319   -0.00110829    0.00494353      0.999987      -0.47779
     0.999999  -5.50148e-05    0.00138268     0.0431859   6.24107e-05      0.999986   -0.00534945      0.230593   -0.00138237    0.00534953      0.999985     -0.395776
     0.999999   3.12008e-05    0.00113775     0.0437137  -2.52773e-05      0.999986   -0.00520596     0.0221648    -0.0011379    0.00520593      0.999986     -0.381833
     0.999999   0.000166155    0.00132584     0.0412817  -0.000158487      0.999983   -0.00578167    -0.0119632   -0.00132678    0.00578146      0.999982     -0.365001
     0.999999   9.49954e-05    0.00142755     0.0429419  -8.57168e-05      0.999979   -0.00649831    -0.0232621   -0.00142813    0.00649818      0.999978     -0.394793
     0.999999   0.000134162    0.00149883     0.0435422  -0.000125475      0.999983   -0.00579429     0.0246743   -0.00149958     0.0057941      0.999982     -0.379572
     0.999999   8.65943e-05    0.00129432     0.0504285  -7.78718e-05      0.999977   -0.00673756     0.0354795   -0.00129488    0.00673745      0.999976     -0.410479
     0.999999   -9.3283e-07    0.00127274     0.0517266   8.47874e-06      0.999982   -0.00592886    -0.0260153   -0.00127272    0.00592887      0.999982     -0.359133
     0.999999  -0.000220867    0.00132267     0.0511859   0.000229508      0.999979    -0.0065364     0.0453822   -0.00132119     0.0065367      0.999978     -0.387227
     0.999999   -0.00019944    0.00108468     0.0530827   0.000206002      0.999982   -0.00605262     0.0183294   -0.00108345    0.00605284      0.999981     -0.339398
     0.999999  -0.000269845    0.00102618     0.0546176   0.000276955      0.999976   -0.00693503     0.0466864   -0.00102429    0.00693531      0.999975     -0.397447
            1  -2.20779e-05   0.000796042     0.0579521    2.6831e-05      0.999982   -0.00597149    -0.0300599  -0.000795896    0.00597151      0.999982     -0.327179
            1   3.70717e-06   0.000913673     0.0565827   2.76544e-06      0.999975   -0.00708407     0.0713124  -0.000913676    0.00708407      0.999974     -0.370626
            1  -0.000107903   0.000960823     0.0568446   0.000114305      0.999978   -0.00666508     -0.044764  -0.000960082    0.00666519      0.999977     -0.348523
            1   0.000112881   0.000892373     0.0538313  -0.000107639      0.999983   -0.00587173    -0.0166676   -0.00089302    0.00587163      0.999982     -0.325678
     0.999999   9.26991e-05     0.0010779     0.0507673  -8.54277e-05      0.999977   -0.00674399     0.0839544    -0.0010785     0.0067439      0.999977     -0.314215
            1   0.000181313   0.000856473     0.0488178  -0.000175755      0.999979   -0.00648557   -0.00717706  -0.000857631    0.00648542      0.999979     -0.241902
            1  -0.000272194   0.000728821     0.0563198    0.00027701      0.999978   -0.00661591     0.0112736  -0.000727005    0.00661611      0.999978     -0.322214
            1  -0.000147603   0.000757758     0.0577152   0.000151784      0.999985   -0.00552006    -0.0225428  -0.000756931    0.00552018      0.999984     -0.306553
            1  -0.000551043   0.000756446     0.0641757   0.000556228      0.999976   -0.00687083      0.081753  -0.000752642    0.00687125      0.999976     -0.356062
            1  -0.000386103   0.000741976     0.0654206   0.000390229      0.999984   -0.00556975    0.00799669  -0.000739814    0.00557004      0.999984     -0.296746
            1  -0.000425763   0.000692215     0.0593125   0.000430293      0.999978   -0.00655679   -0.00568682  -0.000689408    0.00655709      0.999978     -0.323114
            1  -0.000537441   0.000645938     0.0631984   0.000541409      0.999981    -0.0061593     0.0189863  -0.000642615    0.00615965      0.999981     -0.309215
            1  -0.000396543    0.00046834     0.0646304   0.000399295      0.999983   -0.00589174    -0.0298944  -0.000465995    0.00589192      0.999983     -0.299179
            1  -0.000549795   0.000529788     0.0676349   0.000553439      0.999976   -0.00690245     0.0498014   -0.00052598    0.00690274      0.999976     -0.346098
            1  -0.000446484    0.00054312     0.0678393   0.000449737      0.999982   -0.00600538    -0.0221188  -0.000540429    0.00600562      0.999982     -0.290724
            1  -0.000303212   0.000379297     0.0632674   0.000305624       0.99998   -0.00637713     0.0112565  -0.000377356    0.00637725       0.99998     -0.311446
            1  -0.000606496   0.000379562     0.0706663   0.000608943      0.999979   -0.00648034      0.104202  -0.000375624    0.00648057      0.999979     -0.318664
            1  -0.000436699   0.000162133     0.0706087   0.000437669      0.999982   -0.00603058     0.0209644  -0.000159497    0.00603065      0.999982     -0.302361
            1   -0.00063205    0.00033588     0.0676338     0.0006344      0.999975   -0.00704507     0.0674677  -0.000331419    0.00704528      0.999975     -0.349537
            1  -0.000422077   0.000299549     0.0686594   0.000423981       0.99998   -0.00638669    -0.0326213  -0.000296847    0.00638681       0.99998      -0.30373
            1  -0.000507988   0.000235384     0.0688065   0.000509685      0.999973    -0.0072679     0.0454594  -0.000231685    0.00726802      0.999974     -0.330698
            1  -0.000563359   0.000292318     0.0704281   0.000565312      0.999977   -0.00672653     0.0327326  -0.000288522    0.00672669      0.999977     -0.320423
            1  -0.000580124  -5.45586e-05     0.0740101   0.000579769       0.99998   -0.00628215    -0.0119155    5.8202e-05    0.00628211       0.99998     -0.315288
            1  -0.000694731   0.000208931     0.0693417   0.000696254      0.999973    -0.0073828     0.0521707  -0.000203796    0.00738295      0.999973     -0.354694
            1  -0.000561656   0.000206667      0.075578    0.00056301      0.999978   -0.00661225     0.0351415  -0.000202949    0.00661237      0.999978     -0.301673
            1  -0.000691513   0.000196461     0.0725637   0.000692942      0.999973   -0.00736862     0.0339333   -0.00019136    0.00736876      0.999973      -0.34585
            1  -0.000734131   0.000339666     0.0687406   0.000736584      0.999973   -0.00727686     0.0322978  -0.000334315    0.00727711      0.999973     -0.348941
            1  -0.000690821   9.77428e-05     0.0724209   0.000691486      0.999975    -0.0069756    -0.0174441  -9.29215e-05    0.00697567      0.999976     -0.338107
            1  -0.000901894   0.000121746     0.0726592   0.000902902      0.999963   -0.00854946     0.0610671  -0.000114031    0.00854956      0.999963     -0.400798
            1  -0.000772942   9.29872e-05     0.0710537   0.000773611      0.999972   -0.00742083     0.0529437  -8.72487e-05     0.0074209      0.999972      -0.32892
            1  -0.000797862   9.81727e-05     0.0707924   0.000798614      0.999968   -0.00791336    0.00678087  -9.18558e-05    0.00791343      0.999969     -0.375394
            1  -0.000891691   0.000243796     0.0728306   0.000893763      0.999962   -0.00863577    -0.0115626  -0.000236087    0.00863598      0.999963     -0.398563
            1  -0.000769526   0.000163586     0.0715748   0.000770759       0.99997   -0.00767393    -0.0324082  -0.000157676    0.00767406      0.999971     -0.328811
            1  -0.000824362    2.9567e-05     0.0672443   0.000824554      0.999974   -0.00719679    0.00919604  -2.36334e-05    0.00719681      0.999974     -0.256397
     0.999999   -0.00108402   0.000293198     0.0547909    0.00108641      0.999965   -0.00825564     0.0561864  -0.000284238    0.00825595      0.999966     -0.211333
            1  -0.000878477  -2.15404e-05     0.0694003   0.000878228      0.999953   -0.00963988     -0.106059   3.00078e-05    0.00963985      0.999954     -0.343415
            1  -0.000934577  -6.92627e-05     0.0689916   0.000933806      0.999946    -0.0103952     0.0316925   7.89741e-05     0.0103952      0.999946     -0.380001
            1  -0.000893982   9.23802e-05      0.069312   0.000894907      0.999944    -0.0105506    -0.0448448   -8.2943e-05     0.0105507      0.999944     -0.411873
            1   -0.00078589  -0.000236627     0.0665254   0.000783529      0.999951    -0.0098192    -0.0719689   0.000244332    0.00981901      0.999952     -0.386916
     0.999999   -0.00100228  -0.000379074     0.0660204   0.000997913      0.999935    -0.0113481     0.0454476   0.000390423     0.0113477      0.999936     -0.406432
     0.999999  -0.000936044  -0.000376171     0.0741005   0.000932024      0.999944    -0.0105483   -0.00913735   0.000386024      0.010548      0.999944     -0.376251
            1  -0.000682751  -0.000516962     0.0657644   0.000677158      0.999942    -0.0107422     -0.054973   0.000524266     0.0107418      0.999942     -0.387374
            1  -0.000601037   0.000131452     0.0447022   0.000602413      0.999942    -0.0107279    -0.0425904  -0.000124996      0.010728      0.999942     -0.366947
