# 3dvolreg matrices (DICOM-to-DICOM, row-by-row):
            1             0             0            -0             0             1             0            -0             0             0             1            -0
            1   0.000279151   9.51794e-05    0.00355177  -0.000279124             1  -0.000287102     0.0220852  -9.52595e-05   0.000287075             1    0.00383275
            1   6.07473e-05   0.000161957   0.000154417  -6.07103e-05             1  -0.000228538    0.00268934  -0.000161971   0.000228529             1    -0.0183459
            1   0.000216964   0.000175154    0.00118058  -0.000216888             1  -0.000433153      0.010932  -0.000175248   0.000433115             1    -0.0187227
            1   0.000137765   6.82706e-05     -0.005815  -0.000137763             1  -3.46558e-05    -0.0131353  -6.82753e-05   3.46464e-05             1     -0.022299
            1   0.000129063   0.000213034    0.00676987   -0.00012897             1  -0.000438446     0.0431876  -0.000213091   0.000438419             1    -0.0291323
            1   0.000106801   0.000153631    0.00106166   -0.00010677             1  -0.000198171    -0.0463435  -0.000153652   0.000198155             1    -0.0162594
            1   0.000194138    0.00020378     0.0025681  -0.000194055             1  -0.000406079     0.0320203  -0.000203859   0.000406039             1    -0.0305992
            1    0.00027972   0.000192049    0.00523333  -0.000279695             1  -0.000133868    -0.0115892  -0.000192087   0.000133815             1    -0.0216849
            1   0.000165447   0.000207147     0.0042732  -0.000165325             1  -0.000586744     0.0471225  -0.000207244   0.000586709             1    -0.0368557
            1     0.0003341   0.000249469   -0.00183355   -0.00033407             1  -0.000121553     -0.044954  -0.000249509    0.00012147             1    -0.0460263
            1   0.000318418   0.000248776   -0.00506657  -0.000318299             1  -0.000480292    0.00457587  -0.000248929   0.000480213             1    -0.0733016
            1   0.000549697   0.000240992   -0.00731471  -0.000549662             1   -0.00014508    -0.0342331  -0.000241071   0.000144948             1    -0.0786154
            1   0.000452834   0.000295112   -0.00317416   -0.00045265             1  -0.000622414   -0.00560689  -0.000295394    0.00062228             1     -0.106878
            1   0.000630005   0.000226645   -0.00401815  -0.000629942             1  -0.000276404       0.01879  -0.000226819   0.000276261             1       -0.1182
            1   0.000630811   0.000267586   0.000772835  -0.000630665             1  -0.000544875     0.0262165   -0.00026793   0.000544706             1     -0.135546
            1   0.000627377   0.000303675   -0.00149647  -0.000627233             1  -0.000472472     0.0385324  -0.000303971   0.000472281             1     -0.138244
            1   0.000789971   0.000313732   0.000190545  -0.000789728      0.999999  -0.000772611     0.0552097  -0.000314342   0.000772363             1       -0.1768
            1   0.000830375    0.00029346  -0.000898723  -0.000830232             1  -0.000487308     0.0115255  -0.000293864   0.000487064             1     -0.165283
            1    0.00085223   0.000294189    0.00372226  -0.000851959      0.999999  -0.000922624     0.0526602  -0.000294975   0.000922373             1     -0.144997
            1   0.000772578   0.000413617   -0.00391395  -0.000772236      0.999999   -0.00082787     0.0219564  -0.000414256    0.00082755             1     -0.137834
            1    0.00095378   0.000233029   -0.00934109  -0.000953457      0.999999   -0.00138277       0.10786  -0.000234347    0.00138255      0.999999      -0.15635
            1   0.000933272   0.000307814   -0.00771244  -0.000932962      0.999999   -0.00100849    0.00267716  -0.000308755     0.0010082      0.999999     -0.149305
            1   0.000787826   0.000443758    0.00639798  -0.000787175      0.999999   -0.00146444      0.083742  -0.000444911    0.00146409      0.999999     -0.170714
            1   0.000628881   0.000524012    0.00118118  -0.000628164      0.999999   -0.00136699     0.0469129  -0.000524872    0.00136667      0.999999     -0.163261
            1   0.000785446   0.000474749    0.00962661  -0.000784713      0.999999   -0.00154122     0.0879417  -0.000475959    0.00154084      0.999999     -0.171181
            1   0.000730192   0.000457552    0.00837854  -0.000729597      0.999999   -0.00129926    -0.0100696    -0.0004585    0.00129893      0.999999     -0.192319
            1   0.000876349   0.000401184     0.0133883  -0.000875667      0.999998   -0.00169627     0.0780775   -0.00040267    0.00169592      0.999998     -0.180953
            1   0.000819395   0.000496958    0.00387956  -0.000818634      0.999998   -0.00152777     0.0550847  -0.000498209    0.00152736      0.999999     -0.168492
     0.999999   0.000887676   0.000474314    0.00762552  -0.000886728      0.999998   -0.00199666     0.0950261  -0.000476085    0.00199624      0.999998      -0.16128
     0.999999   0.000870422   0.000498669    0.00611009  -0.000869604      0.999998   -0.00163914     0.0709309  -0.000500095     0.0016387      0.999999     -0.182111
     0.999999   0.000917477    0.00050084     0.0115633  -0.000916419      0.999997   -0.00210827     0.0908012  -0.000502773    0.00210781      0.999998      -0.19581
            1   0.000812482   0.000574753    0.00312894  -0.000811356      0.999998   -0.00195545     0.0328004  -0.000576341    0.00195499      0.999998     -0.212858
     0.999999   0.000978122   0.000532804    0.00850955  -0.000977057      0.999998   -0.00199576      0.107239  -0.000534755    0.00199524      0.999998      -0.23657
     0.999999   0.000938729    0.00052849    0.00635232  -0.000937737      0.999998   -0.00187487     0.0537725  -0.000530248    0.00187438      0.999998     -0.245753
     0.999999    0.00111253   0.000573358     0.0188016   -0.00111145      0.999998   -0.00188363      0.102928  -0.000575452    0.00188299      0.999998     -0.226499
     0.999999    0.00075194   0.000682311      0.018168  -0.000750287      0.999997   -0.00241933     0.0795444  -0.000684128    0.00241882      0.999997     -0.221989
     0.999999   0.000869725   0.000660333     0.0221033  -0.000868123      0.999997    -0.0024233     0.0656155  -0.000662438    0.00242272      0.999997     -0.234465
     0.999999   0.000808307   0.000645602     0.0223449   -0.00080698      0.999998   -0.00205243     0.0468626   -0.00064726    0.00205191      0.999998       -0.2374
     0.999999   0.000768508   0.000673759     0.0305463  -0.000766864      0.999997   -0.00243557      0.154788  -0.000675629    0.00243505      0.999997     -0.253369
     0.999999    0.00074867   0.000730764     0.0302616  -0.000747088      0.999997   -0.00216224     0.0423831  -0.000732381    0.00216169      0.999997     -0.241219
     0.999999   0.000767793   0.000764317     0.0322728  -0.000766131      0.999997   -0.00217171      0.113955  -0.000765982    0.00217112      0.999997      -0.25092
     0.999999   0.000725953   0.000782196     0.0324814  -0.000724355      0.999998   -0.00204242     0.0693164  -0.000783677    0.00204185      0.999998     -0.260289
     0.999999   0.000682807   0.000912872        0.0392   -0.00068074      0.999997   -0.00226365      0.150004  -0.000914415    0.00226303      0.999997     -0.259482
     0.999999   0.000620448   0.000823997     0.0263398  -0.000618493      0.999997   -0.00237122     0.0659072  -0.000825466    0.00237071      0.999997     -0.236946
     0.999999   0.000699751   0.000846486     0.0270947  -0.000697484      0.999996   -0.00267457      0.136077  -0.000848354    0.00267398      0.999996     -0.239172
     0.999999   0.000762954   0.000818658     0.0275616   -0.00076133      0.999998   -0.00198276   -0.00698874  -0.000820169    0.00198213      0.999998     -0.223763
     0.999999   0.000668187    0.00081601     0.0248467  -0.000665663      0.999995   -0.00308926      0.105966   -0.00081807    0.00308872      0.999995     -0.217782
     0.999999   0.000710334   0.000761935     0.0192452  -0.000708392      0.999997   -0.00254552     0.0092148  -0.000763741    0.00254498      0.999996     -0.201556
     0.999999   0.000799472    0.00065236     0.0169624  -0.000797643      0.999996   -0.00279879     0.0932815  -0.000654595    0.00279827      0.999996     -0.226901
     0.999999    0.00111862   0.000391424    0.00459991   -0.00111883      0.999999   0.000535581     0.0802092  -0.000390825  -0.000536019             1     0.0106198
     0.999999    0.00119766  -0.000907734    -0.0541993   -0.00118273      0.999867     0.0162747      0.517148   0.000927104    -0.0162736      0.999867      0.257419
     0.999998    0.00141072   -0.00120464    -0.0470775   -0.00138901       0.99984      0.017837      0.569786    0.00122961    -0.0178353       0.99984     0.0540413
     0.999998    0.00148985   -0.00094939    -0.0308893   -0.00147442       0.99987     0.0160532      0.563609   0.000973183    -0.0160518      0.999871     0.0228843
     0.999999    0.00142292  -0.000950753    -0.0295766   -0.00140838      0.999885     0.0151225       0.48924   0.000972161    -0.0151212      0.999885    -0.0266076
     0.999999     0.0013444  -0.000818239    -0.0260511   -0.00133186      0.999885     0.0151351      0.497689   0.000838492     -0.015134      0.999885     -0.019223
     0.999999    0.00139457  -0.000811889    -0.0260045   -0.00138295      0.999899     0.0141402      0.454349   0.000831527    -0.0141391        0.9999    -0.0491972
     0.999998    0.00166574  -0.000560431     -0.019689   -0.00165828      0.999913     0.0130593      0.466127   0.000582136    -0.0130583      0.999915    -0.0914256
     0.999999    0.00166758   -0.00035708   -0.00246518   -0.00166306      0.999923     0.0123129      0.557566   0.000377585    -0.0123122      0.999924     -0.178096
     0.999998     0.0021553  -0.000226817     0.0222341   -0.00215246      0.999927     0.0118717      0.531495   0.000252387    -0.0118712       0.99993     -0.219519
     0.999997    0.00225834  -1.89659e-05     0.0548675   -0.00225799      0.999935     0.0111513      0.500174   4.41482e-05    -0.0111513      0.999938     -0.262573
     0.999998    0.00202766   7.55854e-05     0.0314093   -0.00202839      0.999933     0.0113665      0.501547   -5.2533e-05    -0.0113666      0.999935     -0.269803
     0.999998    0.00187714   0.000198671     0.0368573   -0.00187916      0.999941     0.0107027      0.552553  -0.000178569     -0.010703      0.999943     -0.258463
     0.999998    0.00185175   0.000149382     0.0358484   -0.00185335      0.999932     0.0115198      0.534567   -0.00012804    -0.0115201      0.999934     -0.261094
     0.999998    0.00193557   0.000188036     0.0363105   -0.00193749       0.99994     0.0108202      0.565211  -0.000167081    -0.0108206      0.999941     -0.294517
     0.999998    0.00193188   0.000295318     0.0361743   -0.00193512      0.999933      0.011425      0.532764  -0.000273227    -0.0114255      0.999935     -0.284031
     0.999998     0.0019696   0.000228426     0.0330589   -0.00197196       0.99994     0.0107992      0.571239  -0.000207142    -0.0107996      0.999942     -0.292423
     0.999998    0.00204786   0.000190726     0.0324328    -0.0020499      0.999933     0.0113636      0.521931  -0.000167442     -0.011364      0.999935      -0.29672
     0.999998    0.00206866   0.000422982     0.0399421   -0.00207331      0.999934      0.011308      0.605758  -0.000399562    -0.0113089      0.999936      -0.30671
     0.999998    0.00198394   0.000326361     0.0290798   -0.00198744      0.999936     0.0110978      0.562441  -0.000304323    -0.0110985      0.999938     -0.323704
     0.999998    0.00214396    0.00040339     0.0394898   -0.00214841      0.999933     0.0113936      0.523353  -0.000378936    -0.0113944      0.999935     -0.351578
     0.999998    0.00208956   0.000324376       0.03761   -0.00209304      0.999936     0.0111053      0.545547   -0.00030115     -0.011106      0.999938     -0.377055
     0.999997    0.00220941   0.000421231     0.0409602   -0.00221394      0.999936     0.0110633      0.627737  -0.000396761    -0.0110642      0.999939     -0.385512
     0.999998    0.00205096   0.000333425     0.0316235    -0.0020544      0.999941      0.010681      0.581354  -0.000311499    -0.0106817      0.999943     -0.392847
     0.999997    0.00227612   0.000391826     0.0353927    -0.0022803      0.999937     0.0110302      0.629338  -0.000366695    -0.0110311      0.999939     -0.375657
     0.999998    0.00202718   0.000475582      0.037385   -0.00203208      0.999942     0.0105345      0.606395  -0.000454199    -0.0105354      0.999944     -0.393496
     0.999998    0.00212516    0.00048791     0.0438527   -0.00213038      0.999938      0.010975      0.618712  -0.000464556     -0.010976       0.99994     -0.371978
     0.999998    0.00212246   0.000523135     0.0423157   -0.00212793      0.999941     0.0106875      0.618352   -0.00050042    -0.0106886      0.999943     -0.395972
     0.999998    0.00216288   0.000503838     0.0352405   -0.00216822      0.999939     0.0108385      0.572107  -0.000480365    -0.0108395      0.999941     -0.384489
     0.999997    0.00221705   0.000446764     0.0364887   -0.00222167      0.999941     0.0106152      0.580463  -0.000423203    -0.0106162      0.999944     -0.410311
     0.999998    0.00215574   0.000561719     0.0411577   -0.00216178      0.999937     0.0109926      0.571627  -0.000537987    -0.0109937      0.999939     -0.396286
     0.999997    0.00224684   0.000577278     0.0412172   -0.00225288       0.99994     0.0106953      0.655595  -0.000553213    -0.0106966      0.999943     -0.408215
     0.999997    0.00221759   0.000499756     0.0377402   -0.00222294      0.999937     0.0109691      0.631078    -0.0004754    -0.0109702       0.99994     -0.399395
     0.999998    0.00213033   0.000535989     0.0379934   -0.00213592      0.999941     0.0106653      0.629171  -0.000513237    -0.0106664      0.999943     -0.420347
     0.999997    0.00226143   0.000535903     0.0357259   -0.00226726      0.999935     0.0111362      0.606107  -0.000510685    -0.0111374      0.999938     -0.397709
     0.999997    0.00237965   0.000456826     0.0342322   -0.00238443      0.999939     0.0107712      0.623401  -0.000431166    -0.0107723      0.999942     -0.418524
     0.999997    0.00238158   0.000495314     0.0342046   -0.00238703      0.999933     0.0113195      0.629121  -0.000468322    -0.0113206      0.999936     -0.415019
     0.999997    0.00256941   0.000430872     0.0310267   -0.00257403      0.999935     0.0110973      0.731018  -0.000402331    -0.0110984      0.999938     -0.446798
     0.999997    0.00254472   0.000478632     0.0356971   -0.00255015      0.999928      0.011709      0.642968  -0.000448801    -0.0117102      0.999931      -0.43347
     0.999997    0.00235882  -0.000396884    -0.0156898   -0.00235462      0.999945     0.0102548      0.554462   0.000421051    -0.0102539      0.999947    -0.0849821
     0.999994    0.00353579   0.000545324     0.0111592   -0.00354069      0.999951     0.0092702      0.454464  -0.000512519   -0.00927207      0.999957     -0.198785
     0.999994    0.00299673    0.00149601     0.0557614   -0.00299702      0.999995   0.000188023      0.335053   -0.00149544  -0.000192505      0.999999     -0.481218
     0.999995    0.00290984    0.00134187     0.0506593   -0.00291197      0.999995    0.00158224      0.371182   -0.00133726   -0.00158614      0.999998     -0.496412
     0.999997    0.00236165   4.42892e-05    -0.0111469   -0.00236201      0.999929     0.0116375      0.674732  -1.68024e-05    -0.0116376      0.999932     -0.289097
     0.999996    0.00281177   0.000180356   -0.00029254   -0.00281377      0.999921     0.0122876      0.607693  -0.000145792     -0.012288      0.999924     -0.279432
     0.999995    0.00312246   0.000314998    -0.0129165   -0.00312577      0.999934     0.0110951      0.653963  -0.000280333     -0.011096      0.999938     -0.222936
     0.999995    0.00322332   0.000459676   -0.00543514   -0.00322782      0.999943     0.0101364      0.564883  -0.000426978    -0.0101378      0.999949     -0.295119
     0.999995    0.00319158   0.000620341    0.00935722   -0.00319809      0.999937     0.0107941      0.637079  -0.000585852    -0.0107961      0.999942     -0.308198
     0.999995    0.00322777   0.000725308     0.0144804   -0.00323506      0.999942     0.0102903      0.644839  -0.000692051    -0.0102926      0.999947     -0.308673
     0.999995    0.00308159   0.000603011    0.00874203    -0.0030877      0.999941     0.0104135      0.638675  -0.000570885    -0.0104153      0.999946     -0.342897
     0.999995    0.00317872   0.000676014     0.0107085   -0.00318542      0.999943     0.0101575      0.601421  -0.000643687    -0.0101596      0.999948     -0.340493
     0.999994    0.00323372   0.000745726     0.0103195   -0.00324104      0.999944     0.0100273      0.601176  -0.000713259    -0.0100297      0.999949     -0.335733
     0.999994    0.00347821   0.000595837    0.00441613   -0.00348383      0.999947    0.00971223      0.621659  -0.000562024   -0.00971425      0.999953     -0.349471
     0.999994    0.00352014   0.000662689    0.00723719   -0.00352626      0.999949    0.00945996      0.654381  -0.000629355   -0.00946223      0.999955     -0.343578
     0.999994    0.00352108   0.000665514    0.00337241   -0.00352704      0.999952    0.00916614      0.664374  -0.000633208   -0.00916843      0.999958     -0.356985
     0.999994    0.00352532   0.000702194    0.00405282   -0.00353186      0.999948    0.00954104       0.62482  -0.000668523   -0.00954346      0.999954     -0.363629
     0.999993    0.00361138   0.000674877   0.000480312   -0.00361766      0.999948    0.00955059       0.66398  -0.000640351   -0.00955297      0.999954     -0.354806
     0.999994    0.00351133   0.000676702  -0.000850464   -0.00351743      0.999951     0.0092389      0.547418  -0.000644228   -0.00924122      0.999957     -0.362912
     0.999993    0.00379147   0.000716152  -0.000128128   -0.00379809      0.999948    0.00947954      0.626094  -0.000680173   -0.00948219      0.999955     -0.353404
     0.999994    0.00352524    0.00071333    -0.0011079   -0.00353183      0.999949    0.00945102      0.585905  -0.000679977   -0.00945348      0.999955     -0.357161
     0.999993    0.00372946   0.000742034    0.00893088   -0.00373672      0.999943     0.0100373      0.669637  -0.000704557      -0.01004      0.999949     -0.349218
     0.999993      0.003521   0.000831755    0.00562397   -0.00352876      0.999948    0.00951766      0.694697    -0.0007982   -0.00952053      0.999954     -0.375679
     0.999993    0.00370371   0.000762228    0.00429236   -0.00371131      0.999941      0.010227      0.728518  -0.000724305    -0.0102298      0.999947      -0.37317
     0.999992    0.00381375   0.000738059    0.00773436   -0.00382073      0.999946    0.00970967      0.725654  -0.000700988   -0.00971242      0.999953     -0.383754
     0.999993    0.00356324   0.000802145    0.00697337   -0.00357076      0.999948    0.00957112       0.65825  -0.000767999   -0.00957393      0.999954     -0.374943
     0.999993    0.00374475   0.000757195    0.00932303   -0.00375183      0.999947    0.00958171      0.724202  -0.000721273   -0.00958448      0.999954     -0.388729
     0.999993    0.00364243   0.000712654     0.0080316   -0.00364931      0.999944     0.0098928       0.62086   -0.00067658   -0.00989534      0.999951      -0.38843
     0.999993     0.0037157   0.000800958     0.0119691   -0.00372344      0.999944    0.00988083      0.690199    -0.0007642   -0.00988374      0.999951     -0.413278
     0.999993    0.00373965   0.000737658     0.0118671   -0.00374668      0.999945     0.0097825      0.616375  -0.000701034   -0.00978519      0.999952     -0.416243
     0.999993    0.00378234   0.000826398     0.0152848   -0.00379056      0.999941     0.0101844      0.782878  -0.000787829    -0.0101874      0.999948     -0.432161
     0.999993     0.0037868   0.000805481     0.0150846   -0.00379452      0.999945    0.00981514      0.617258  -0.000768268   -0.00981813      0.999952     -0.408855
     0.999993    0.00374499   0.000780359     0.0118319   -0.00375222      0.999948    0.00947284      0.680167  -0.000744843    -0.0094757      0.999955      -0.43027
     0.999992    0.00378855    0.00084183     0.0128236    -0.0037968      0.999942      0.010031      0.664323  -0.000803779    -0.0100341      0.999949     -0.412485
     0.999992    0.00382928   0.000845975     0.0133525   -0.00383766      0.999941     0.0101361      0.747756  -0.000807111    -0.0101393      0.999948     -0.431889
     0.999992    0.00382945    0.00095956      0.020526   -0.00383872      0.999944    0.00984452      0.704166  -0.000921807   -0.00984813      0.999951     -0.419467
     0.999993    0.00374901   0.000813768     0.0112962    -0.0037569      0.999944    0.00991579      0.682616  -0.000776548   -0.00991877      0.999951      -0.41858
     0.999992    0.00380306   0.000956545    0.00223016    -0.0038121      0.999946    0.00963767      0.630442  -0.000919841   -0.00964124      0.999953     -0.421683
     0.999992     0.0039142     0.0008082    0.00155025   -0.00392181      0.999946    0.00963022      0.737704  -0.000770462   -0.00963331      0.999953     -0.442549
     0.999992    0.00398899   0.000864493    0.00252973   -0.00399788      0.999936     0.0105409       0.66756  -0.000822391    -0.0105442      0.999944     -0.459361
     0.999991    0.00419773   0.000960304      0.013108     -0.004208      0.999931     0.0109483      0.870533   -0.00091428    -0.0109523       0.99994     -0.502188
     0.999992     0.0039756    0.00100691     0.0143128   -0.00398573      0.999939     0.0102674       0.69573  -0.000966025    -0.0102714      0.999947       -0.4379
     0.999992    0.00376484   0.000970573     0.0391043   -0.00377604      0.999923     0.0118025       0.91183  -0.000926064    -0.0118061       0.99993     -0.630777
     0.999995     0.0031949   0.000715486     0.0251717   -0.00320333      0.999921     0.0121147      0.794707  -0.000676725    -0.0121169      0.999926     -0.606581
     0.999992    0.00390444    0.00113248   -0.00714686   -0.00391598      0.999939     0.0103725      0.789244   -0.00109191    -0.0103768      0.999946     -0.394347
     0.999994    0.00342019    0.00111984    0.00635652   -0.00343153      0.999941     0.0102897      0.782604   -0.00108459    -0.0102935      0.999946     -0.444187
     0.999993    0.00357842   0.000948651  -0.000511866   -0.00358801       0.99994     0.0103103      0.813949    -0.0009117    -0.0103136      0.999946     -0.426364
     0.999993    0.00349787   0.000964075     0.0089433    -0.0035073      0.999944     0.0099656      0.702088  -0.000929163   -0.00996892       0.99995     -0.451835
     0.999993    0.00349856    0.00110316    0.00887466   -0.00351067      0.999931     0.0111716      0.768894     -0.001064    -0.0111754      0.999937     -0.259684
     0.999993    0.00356413     0.0014123     0.0234319   -0.00357806      0.999944     0.0099854      0.694086   -0.00137664   -0.00999038      0.999949     -0.227522
     0.999993    0.00332236    0.00158463     0.0380418   -0.00333687      0.999952    0.00923895      0.622455   -0.00155386   -0.00924418      0.999956     -0.263701
     0.999992    0.00363351    0.00178356     0.0406414   -0.00364968      0.999951    0.00915232       0.70639   -0.00175022   -0.00915876      0.999957     -0.293448
     0.999993    0.00336759    0.00162229     0.0406112   -0.00338183      0.999955    0.00885315      0.663588   -0.00159241   -0.00885857      0.999959     -0.303846
     0.999992    0.00357025    0.00164454     0.0452932   -0.00358486      0.999953    0.00896609      0.653516   -0.00161245   -0.00897191      0.999958     -0.295862
     0.999993    0.00339534    0.00167695      0.044826    -0.0034091       0.99996    0.00827253      0.618591    -0.0016488   -0.00827819      0.999964      -0.29692
     0.999992    0.00360469    0.00161729     0.0467197   -0.00361905      0.999953    0.00896223      0.636167   -0.00158491   -0.00896801      0.999959     -0.290588
     0.999992    0.00347547    0.00174194     0.0481088    -0.0034901      0.999958    0.00846278      0.668345   -0.00171246    -0.0084688      0.999963      -0.30715
     0.999992    0.00358384    0.00177509     0.0496147   -0.00359914      0.999956    0.00869235      0.680023   -0.00174386   -0.00869867      0.999961     -0.302451
     0.999993    0.00328992    0.00173438     0.0507185   -0.00330426       0.99996    0.00832817      0.631535   -0.00170691   -0.00833384      0.999964     -0.326261
     0.999992     0.0035301    0.00187255     0.0555174   -0.00354619      0.999956    0.00865838      0.690893    -0.0018419   -0.00866495      0.999961     -0.322358
     0.999993     0.0033621    0.00177968     0.0559895   -0.00337696      0.999959    0.00840916       0.66326   -0.00175133    -0.0084151      0.999963     -0.332308
     0.999992    0.00360652    0.00192668     0.0593312   -0.00362295      0.999957    0.00858988      0.710537   -0.00189562   -0.00859679      0.999961     -0.341008
     0.999992    0.00347584    0.00181823      0.054783   -0.00349124      0.999957    0.00853369      0.566779   -0.00178849   -0.00853997      0.999962     -0.345675
     0.999991    0.00367914    0.00196448     0.0604998   -0.00369597      0.999956    0.00863367      0.671056   -0.00193263   -0.00864086      0.999961     -0.338639
     0.999992    0.00354087    0.00191109     0.0642962   -0.00355705      0.999957    0.00853252      0.648337   -0.00188079   -0.00853925      0.999962      -0.35844
     0.999992     0.0036359     0.0019047     0.0603117    -0.0036525      0.999955    0.00878271      0.735531   -0.00187268    -0.0087896       0.99996     -0.356752
     0.999993    0.00324033    0.00168247     0.0642032   -0.00325543      0.999954    0.00905578      0.661481   -0.00165305    -0.0090612      0.999958     -0.472297
     0.999993    0.00343086     0.0017932     0.0627184   -0.00344675      0.999954    0.00893314      0.729941   -0.00176247   -0.00893926      0.999958     -0.430243
     0.999993    0.00344388    0.00164491     0.0560225   -0.00345807      0.999956    0.00869798      0.715451   -0.00161489    -0.0087036      0.999961     -0.456398
     0.999992    0.00367176    0.00179871     0.0697817   -0.00368833       0.99995     0.0092927      0.706315    -0.0017645   -0.00929926      0.999955     -0.462402
     0.999992    0.00345545    0.00186721     0.0697561    -0.0034708       0.99996    0.00828079      0.677142   -0.00183852   -0.00828721      0.999964     -0.482944
     0.999992    0.00356474    0.00201224     0.0821382   -0.00358165      0.999958    0.00846497      0.727167   -0.00198198    -0.0084721      0.999962     -0.455529
     0.999992    0.00347773    0.00187692     0.0765349   -0.00349331      0.999959    0.00836516      0.689366   -0.00184775   -0.00837165      0.999963     -0.509153
     0.999991     0.0038759    0.00197105     0.0804995   -0.00389392       0.99995    0.00922621      0.753492   -0.00193519    -0.0092338      0.999955      -0.51858
      0.99999     0.0040768    0.00195131     0.0839261   -0.00409537      0.999945    0.00961001      0.792297   -0.00191203    -0.0096179      0.999952     -0.551263
      0.99999    0.00389989     0.0020132      0.079135   -0.00391704      0.999955    0.00858493      0.687189   -0.00197964   -0.00859273      0.999961     -0.509825
     0.999991    0.00385874    0.00195051     0.0628574   -0.00387512      0.999957    0.00846427      0.641189   -0.00191776   -0.00847175      0.999962     -0.487327
      0.99999     0.0039171    0.00199079     0.0680532   -0.00393318      0.999959    0.00813611      0.813592   -0.00195884   -0.00814386      0.999965     -0.502355
     0.999991    0.00385424    0.00196517     0.0618345   -0.00387153      0.999953    0.00887434      0.761617   -0.00193088   -0.00888187      0.999959     -0.539839
     0.999991    0.00387821    0.00172937     0.0691036    -0.0038928      0.999956    0.00851451      0.815793   -0.00169627   -0.00852117      0.999962     -0.553249
     0.999997    0.00237946    0.00105069     0.0554872   -0.00238579      0.999979     0.0060654      0.537092   -0.00103623   -0.00606788      0.999981     -0.420153
     0.999998    0.00177547    0.00107033     0.0634635   -0.00178413      0.999965    0.00814837      0.519729   -0.00105583   -0.00815026      0.999966     -0.296961
     0.999996    0.00225389    0.00183783     0.0646806   -0.00226742       0.99997    0.00739296       0.46115   -0.00182111    -0.0073971      0.999971     -0.146976
     0.999996    0.00222238    0.00179683     0.0675387   -0.00223322      0.999979    0.00605026      0.497121   -0.00178334   -0.00605425       0.99998      -0.20874
     0.999996     0.0024262    0.00151701     0.0492957   -0.00243594      0.999976    0.00645043      0.352367   -0.00150133    -0.0064541      0.999978     -0.196277
     0.999999   -0.00124962   0.000132299    -0.0013468    0.00124834      0.999957    0.00922829      0.551409  -0.000143825   -0.00922812      0.999957      -0.26875
     0.999999  -0.000798569   -0.00104893     -0.031006   0.000809495      0.999945     0.0104578       0.54095    0.00104052    -0.0104586      0.999945     -0.345924
            1  -0.000408212  -0.000533194    -0.0157687   0.000413876      0.999943     0.0106669      0.549381    0.00052881    -0.0106671      0.999943     -0.394803
            1  -7.97234e-05  -0.000316549   -0.00963992   8.31102e-05      0.999943     0.0107137      0.600636   0.000315677    -0.0107137      0.999943     -0.371152
            1  -5.18819e-05  -0.000215604    -0.0125727   5.41282e-05      0.999946     0.0104316      0.612213   0.000215051    -0.0104317      0.999946     -0.433341
            1   0.000155837  -0.000363101    -0.0170454  -0.000151715      0.999936     0.0113253      0.710574   0.000364843    -0.0113253      0.999936     -0.434011
            1   0.000503184  -0.000250084    -0.0124629   -0.00050024      0.999932     0.0116358      0.644514   0.000255922    -0.0116357      0.999932     -0.486587
            1   0.000518345  -0.000132947    -0.0160713  -0.000516728      0.999929      0.011888      0.716118   0.000139099     -0.011888      0.999929     -0.486803
            1   0.000683394  -0.000220689      -0.01482  -0.000680531      0.999919      0.012722      0.722982   0.000229365    -0.0127219      0.999919     -0.534997
            1   0.000842623  -0.000139385    -0.0161925  -0.000840826      0.999922     0.0124301      0.693365   0.000149848    -0.0124299      0.999923     -0.561711
            1   0.000851125  -0.000121289    -0.0103387  -0.000849523       0.99992     0.0126447      0.762026   0.000132042    -0.0126446       0.99992     -0.545247
            1   0.000862521  -4.48685e-05    -0.0101878  -0.000861879      0.999918     0.0127455      0.765707   5.58581e-05    -0.0127455      0.999919     -0.606814
            1   0.000793093    5.3361e-05   -0.00230234  -0.000793678      0.999927     0.0120401      0.741201  -4.38082e-05    -0.0120402      0.999928      -0.55661
            1   0.000838294   3.52477e-05    0.00448935    -0.0008387      0.999905     0.0137766      0.822782  -2.36954e-05    -0.0137767      0.999905     -0.660015
     0.999999    0.00121718   0.000254038     0.0159359   -0.00122063      0.999901     0.0140464      0.934502  -0.000236915    -0.0140467      0.999901     -0.691918
            1   0.000856932   0.000154646     0.0124736  -0.000858752      0.999925     0.0121806      0.761775  -0.000144196    -0.0121807      0.999926     -0.625338
            1     0.0006669   0.000222759     0.0129043    -0.0006694      0.999935     0.0114176       0.68755   -0.00021513    -0.0114178      0.999935     -0.673687
            1  -1.63867e-05  -0.000231478    -0.0165841   1.85545e-05      0.999956    0.00936806       0.23673   0.000231315   -0.00936806      0.999956     -0.674961
     0.999996   -0.00233919   -0.00150094    -0.0634921    0.00235561      0.999936     0.0110335      0.245597    0.00147503     -0.011037      0.999938     -0.465727
     0.999999  -0.000961697  -0.000836323    -0.0646797   0.000970761       0.99994     0.0109056      0.302491   0.000825785    -0.0109064       0.99994     -0.404693
            1  -0.000150801   0.000179254   -0.00999068   0.000149135      0.999957    0.00925702       0.27118  -0.000180642   -0.00925699      0.999957      0.227975
            1   0.000522239  -0.000432583    -0.0518389  -0.000519218      0.999976    0.00695449     0.0752299   0.000436204   -0.00695427      0.999976      0.431646
     0.999999    0.00116267  -0.000614692      -0.04886    -0.0011611      0.999996     0.0025396    -0.0270721   0.000617643   -0.00253889      0.999997      0.190921
     0.999999    0.00121697  -0.000439216    -0.0338446   -0.00121585      0.999996    0.00253049      0.047401   0.000442294   -0.00252995      0.999997      0.134722
            1   0.000598521  -0.000424979    -0.0220053  -0.000597595      0.999997    0.00217529      0.116519    0.00042628   -0.00217504      0.999998      0.108676
            1   0.000337948  -0.000315041    -0.0119185  -0.000337098      0.999996    0.00269273     0.0532801   0.000315949   -0.00269262      0.999996     0.0988046
