# 3dvolreg matrices (DICOM-to-DICOM, row-by-row):
            1             0             0            -0             0             1             0            -0             0             0             1            -0
            1  -4.88423e-05   3.83667e-05   -0.00453713   4.88463e-05             1  -0.000103253     0.0401884  -3.83617e-05   0.000103255             1    -0.0395881
            1    -5.544e-05   0.000110928   8.39028e-05   5.53968e-05             1   0.000389928      0.029867   -0.00011095  -0.000389921             1    -0.0680216
            1  -0.000285722   0.000294466    0.00986889   0.000285716             1   1.99778e-05    -0.0194076  -0.000294472  -1.98937e-05             1    -0.0592924
            1    0.00010014  -1.04844e-05     0.0064323  -0.000100142             1  -0.000153396     0.0199351    1.0469e-05   0.000153397             1    -0.0153202
            1  -1.69538e-05  -5.99232e-05   -0.00818949   1.69344e-05             1  -0.000324082     0.0402822   5.99287e-05    0.00032408             1    -0.0649519
            1  -0.000110861  -3.04121e-05   -0.00915231    0.00011085             1  -0.000369973     0.0963818   3.04531e-05    0.00036997             1    -0.0888116
            1  -0.000315686  -9.01506e-06    -0.0116165   0.000315686             1  -8.77488e-07  -0.000458733   9.01534e-06   8.74642e-07             1     -0.114247
            1   3.85302e-05    7.5514e-05    0.00693442  -3.85434e-05             1   0.000174691    -0.0308291  -7.55073e-05  -0.000174693             1     -0.122135
            1  -0.000205888  -3.84901e-05   -0.00824644     0.0002059             1   0.000316577     0.0739646    3.8425e-05  -0.000316584             1    -0.0902817
            1  -0.000336484  -0.000106555     -0.017021   0.000336478             1  -5.19209e-05     0.0999606   0.000106573   5.18851e-05             1    -0.0701856
            1  -0.000419736  -9.09606e-05    -0.0204334   0.000419739             1   3.65157e-05     0.0866485   9.09453e-05  -3.65539e-05             1     -0.107656
            1  -0.000237649    2.2146e-05   -0.00572517   0.000237621      0.999999    0.00126219      0.083266  -2.24459e-05   -0.00126218      0.999999      -0.17355
            1  -0.000112103  -0.000204243    -0.0136994   0.000112306      0.999999   0.000995534     0.0776225   0.000204132  -0.000995557      0.999999     -0.111716
            1  -0.000197754  -0.000204077    -0.0210738   0.000197901             1   0.000722711      0.151929   0.000203934  -0.000722751             1     -0.114468
            1  -0.000240964  -0.000123112    -0.0203216   0.000241105      0.999999    0.00114094     0.0984317   0.000122837   -0.00114097      0.999999     -0.151198
            1  -0.000271138  -0.000224898    -0.0167032   0.000271402      0.999999    0.00117519     0.0807408   0.000224579   -0.00117525      0.999999      -0.16001
            1   -0.00022324  -0.000378733    -0.0205419    0.00022383      0.999999    0.00155944     0.0835621   0.000378385   -0.00155952      0.999999     -0.199326
            1  -0.000361116  -0.000542742    -0.0297749   0.000361799      0.999999    0.00126006      0.175361   0.000542287   -0.00126026      0.999999     -0.139058
            1  -0.000450921  -0.000455281    -0.0360178   0.000451415      0.999999    0.00108494      0.171695   0.000454791   -0.00108515      0.999999     -0.138049
            1  -0.000510455  -0.000254689     -0.034767   0.000510725      0.999999     0.0010604      0.133316   0.000254148   -0.00106053      0.999999     -0.156505
            1  -0.000545525   -0.00023762    -0.0335153   0.000545869      0.999999    0.00145133      0.175468   0.000236828   -0.00145146      0.999999      -0.18051
            1  -0.000293994  -0.000202159    -0.0168997   0.000294226      0.999999    0.00114668      0.150365   0.000201822   -0.00114674      0.999999     -0.152221
            1  -0.000357052  -0.000244648    -0.0243851   0.000357292      0.999999    0.00098321      0.114867   0.000244297  -0.000983298      0.999999     -0.124859
            1  -0.000464876  -0.000149616    -0.0306955   0.000465077      0.999999    0.00134587      0.139797    0.00014899   -0.00134594      0.999999     -0.161863
            1  -0.000425281  -0.000180795    -0.0276453   0.000425489      0.999999    0.00114815      0.160797   0.000180307   -0.00114823      0.999999     -0.165422
            1  -0.000312471  -0.000253975    -0.0245261   0.000312803      0.999999    0.00131115      0.124475   0.000253565   -0.00131123      0.999999     -0.177372
            1  -2.05782e-05  -0.000305889    -0.0158089   2.10909e-05      0.999999     0.0016762      0.102546   0.000305854   -0.00167621      0.999999     -0.172378
            1  -0.000223607  -0.000341451    -0.0239117   0.000224044      0.999999    0.00127944      0.152024   0.000341164   -0.00127952      0.999999     -0.135804
            1   -0.00039491  -0.000486965     -0.039603   0.000395408      0.999999    0.00102241      0.151837   0.000486561   -0.00102261      0.999999     -0.146242
            1  -0.000434934  -0.000372516    -0.0363697   0.000435507      0.999999    0.00153871      0.149863   0.000371846   -0.00153887      0.999999      -0.18077
            1  -0.000393024  -0.000370543    -0.0328304   0.000393488      0.999999     0.0012529     0.0496809    0.00037005   -0.00125305      0.999999      -0.16312
            1  -0.000548395  -0.000423101    -0.0465304   0.000549051      0.999999    0.00155202      0.112954   0.000422249   -0.00155225      0.999999     -0.210187
            1   -0.00058964  -0.000513014    -0.0511232   0.000590401      0.999999    0.00148543      0.216689   0.000512138   -0.00148574      0.999999     -0.196153
            1  -0.000543903   -0.00063029     -0.053741   0.000544863      0.999999    0.00152371      0.240372    0.00062946   -0.00152406      0.999999     -0.206104
            1  -0.000529305  -0.000461106    -0.0472739   0.000529982      0.999999    0.00146951      0.215252   0.000460327   -0.00146976      0.999999     -0.213698
            1  -0.000413079   -0.00037252     -0.034042   0.000413755      0.999998    0.00181827      0.151412   0.000371768   -0.00181843      0.999998     -0.236643
            1  -0.000280492  -0.000396549     -0.023644   0.000281127      0.999999    0.00160046       0.14583     0.0003961   -0.00160057      0.999999     -0.193635
            1  -0.000545866  -0.000313564    -0.0369004   0.000546347      0.999999    0.00153513      0.229562   0.000312725    -0.0015353      0.999999     -0.187533
            1  -0.000674914  -0.000372592    -0.0510799   0.000675498      0.999999    0.00156896      0.176789   0.000371533   -0.00156921      0.999999     -0.213749
            1  -0.000755571  -0.000284465    -0.0425536   0.000756134      0.999998    0.00198525      0.179502   0.000282964   -0.00198546      0.999998     -0.235262
            1  -0.000597574  -0.000375245    -0.0389684   0.000598142      0.999999    0.00151559       0.14647   0.000374338   -0.00151581      0.999999     -0.210332
            1  -0.000571985  -0.000336225    -0.0383939   0.000572681      0.999998    0.00207387      0.174724   0.000335038   -0.00207406      0.999998     -0.233302
            1  -0.000894632  -0.000426156    -0.0476335   0.000895385      0.999998    0.00177026      0.179429   0.000424571   -0.00177064      0.999998     -0.200662
     0.999999  -0.000940393  -0.000412061    -0.0505306   0.000941031      0.999998     0.0015514      0.211138   0.000410602   -0.00155179      0.999999     -0.223717
            1  -0.000878891  -0.000418297    -0.0503866   0.000879683      0.999998     0.0018958      0.219131    0.00041663   -0.00189617      0.999998     -0.252097
            1  -0.000744831  -0.000429561    -0.0430692   0.000745788      0.999997    0.00223167      0.198358   0.000427898   -0.00223199      0.999997     -0.261637
            1  -0.000698392  -0.000447735    -0.0401712   0.000699311      0.999998    0.00205618      0.183436   0.000446298   -0.00205649      0.999998     -0.218026
     0.999999  -0.000865293   -0.00050698    -0.0543286   0.000866211      0.999998    0.00181376      0.301538    0.00050541    -0.0018142      0.999998     -0.233419
     0.999999  -0.000982912   -0.00037351    -0.0565892   0.000983746      0.999997     0.0022386      0.267342   0.000371309   -0.00223897      0.999997     -0.264131
            1  -0.000739686  -0.000330194    -0.0407329    0.00074031      0.999998    0.00189512      0.161703   0.000328792   -0.00189536      0.999998     -0.246173
            1  -0.000608688  -0.000431002    -0.0397146    0.00060956      0.999998    0.00202573      0.149769   0.000429768   -0.00202599      0.999998     -0.221314
            1  -0.000736492  -0.000478842    -0.0496879   0.000737487      0.999998    0.00208028      0.259134   0.000477309   -0.00208063      0.999998     -0.241889
            1  -0.000692331   -0.00053777    -0.0509175   0.000693375      0.999998    0.00194296      0.243841   0.000536424   -0.00194334      0.999998     -0.240086
            1   -0.00070061  -0.000476006    -0.0478299   0.000701518      0.999998    0.00190998      0.222114   0.000474667   -0.00191031      0.999998     -0.251955
            1  -0.000568077  -0.000496573    -0.0428024   0.000569181      0.999997    0.00222637      0.190015   0.000495307   -0.00222665      0.999997     -0.261068
            1  -0.000495288  -0.000514242    -0.0378076   0.000496307      0.999998    0.00198159      0.242093   0.000513259   -0.00198184      0.999998     -0.223246
            1  -0.000691901  -0.000562248    -0.0530155   0.000692922      0.999998    0.00181761      0.256322   0.000560989   -0.00181799      0.999998      -0.22518
            1  -0.000824286  -0.000497721    -0.0530324   0.000825441      0.999997    0.00232354      0.271308   0.000495804   -0.00232395      0.999997     -0.257419
            1  -0.000717228  -0.000554059     -0.047454   0.000718466      0.999997    0.00223742      0.191214   0.000552452   -0.00223782      0.999997     -0.274652
            1  -0.000616749  -0.000457676    -0.0438783   0.000617906      0.999997     0.0025326      0.206095   0.000456113   -0.00253288      0.999997     -0.292153
            1  -0.000650896  -0.000551254    -0.0435186   0.000652242      0.999997     0.0024452      0.266057    0.00054966   -0.00244555      0.999997     -0.245284
            1  -0.000625495  -0.000565968    -0.0461501    0.00062669      0.999998    0.00211376      0.278982   0.000564645   -0.00211412      0.999998     -0.250865
            1  -0.000671747  -0.000415273    -0.0412632    0.00067281      0.999996    0.00256711      0.281906   0.000413547   -0.00256739      0.999997     -0.286164
            1  -0.000631522  -0.000394498    -0.0346914   0.000632416      0.999997    0.00227015      0.198949   0.000393063    -0.0022704      0.999997     -0.253524
            1  -0.000588527  -0.000519779    -0.0394775   0.000589715      0.999997    0.00228726      0.241792   0.000518432   -0.00228757      0.999997     -0.235287
            1  -0.000788875  -0.000551657    -0.0533188   0.000790219      0.999997    0.00243912      0.294591   0.000549731   -0.00243956      0.999997     -0.256499
            1  -0.000809583  -0.000507037    -0.0528934   0.000810777      0.999997    0.00235881      0.266606   0.000505126   -0.00235922      0.999997     -0.257576
            1  -0.000763212  -0.000533286    -0.0517868   0.000764409      0.999997    0.00224689      0.233812    0.00053157    -0.0022473      0.999997     -0.274412
            1  -0.000694412  -0.000499019     -0.046242   0.000695648      0.999997    0.00247982      0.133666   0.000497296   -0.00248017      0.999997      -0.27895
            1  -0.000646455  -0.000536983    -0.0446058   0.000647604      0.999997    0.00214163      0.259268   0.000535597   -0.00214198      0.999998     -0.243888
     0.999999   -0.00085862  -0.000523559    -0.0541963   0.000859672      0.999998    0.00201218      0.276521    0.00052183   -0.00201263      0.999998     -0.245565
     0.999999  -0.000916938  -0.000616004    -0.0621434    0.00091862      0.999996    0.00273595        0.3091   0.000613493   -0.00273652      0.999996     -0.292242
            1  -0.000823313  -0.000538065    -0.0552377   0.000824675      0.999996    0.00253668      0.222581   0.000535975   -0.00253712      0.999997     -0.289855
            1   -0.00070598  -0.000522852    -0.0475583   0.000707464      0.999996    0.00284453      0.212681   0.000520841    -0.0028449      0.999996     -0.312879
            1   -0.00071597  -0.000639369    -0.0466275   0.000717725      0.999996    0.00274879      0.286623   0.000637398   -0.00274925      0.999996     -0.279446
     0.999999  -0.000798099  -0.000624789    -0.0549476   0.000799584      0.999997    0.00237993      0.326107   0.000622887   -0.00238043      0.999997       -0.2772
     0.999999     -0.000949  -0.000556583    -0.0629583   0.000950525      0.999996    0.00274704      0.309615   0.000553974   -0.00274757      0.999996     -0.316673
     0.999999  -0.000909644  -0.000622406    -0.0568129   0.000911192      0.999996    0.00249193       0.26959   0.000620137   -0.00249249      0.999997     -0.303293
     0.999999  -0.000909834  -0.000652819    -0.0616606   0.000911547      0.999996    0.00262858      0.257833   0.000650425   -0.00262917      0.999996     -0.334244
     0.999999  -0.000862129  -0.000815667    -0.0574419    0.00086444      0.999996    0.00283649      0.237887   0.000813218    -0.0028372      0.999996     -0.302906
     0.999999  -0.000959412  -0.000760337     -0.062859   0.000961399      0.999996    0.00261758       0.31637   0.000757822    -0.0026183      0.999996     -0.284344
     0.999999   -0.00103955  -0.000694302    -0.0679273     0.0010412      0.999997    0.00237829      0.257751   0.000691828   -0.00237901      0.999997     -0.284186
     0.999999  -0.000939509  -0.000641718    -0.0577533   0.000941355      0.999995    0.00288309      0.277123   0.000639006   -0.00288369      0.999996     -0.320392
     0.999999  -0.000739083  -0.000701753     -0.051006   0.000740952      0.999996    0.00266592      0.284895    0.00069978   -0.00266644      0.999996     -0.320902
     0.999999  -0.000735428  -0.000726776    -0.0504527   0.000737412      0.999996    0.00273338       0.26335   0.000724762   -0.00273392      0.999996     -0.297558
     0.999999   -0.00091544  -0.000630178    -0.0577729   0.000917272      0.999995    0.00291398      0.326633   0.000627507   -0.00291456      0.999996     -0.314736
     0.999999   -0.00092751  -0.000654761    -0.0597896   0.000929245      0.999996    0.00265493      0.297564   0.000652296   -0.00265554      0.999996     -0.301638
     0.999999  -0.000937698  -0.000659726    -0.0596774   0.000939475      0.999996    0.00269851      0.292003   0.000657193   -0.00269913      0.999996     -0.325962
     0.999999  -0.000785597  -0.000644355    -0.0482442   0.000787476      0.999995    0.00292074      0.283256   0.000642058   -0.00292125      0.999996     -0.314841
     0.999999  -0.000818992  -0.000716426    -0.0567533   0.000821053      0.999996    0.00288181      0.306707   0.000714063    -0.0028824      0.999996     -0.295421
     0.999999  -0.000918065  -0.000652387    -0.0668923   0.000919901      0.999996     0.0028203      0.391573   0.000649795    -0.0028209      0.999996     -0.324822
     0.999999  -0.000912436  -0.000758171    -0.0673032   0.000914804      0.999995    0.00312967      0.337412   0.000755311   -0.00313036      0.999995     -0.356417
     0.999999  -0.000756537  -0.000790525    -0.0594863   0.000758888      0.999995    0.00297796      0.327684   0.000788268   -0.00297856      0.999995     -0.342036
     0.999999  -0.000810392  -0.000766648     -0.062843    0.00081285      0.999995     0.0032102      0.305667   0.000764043   -0.00321082      0.999995     -0.324248
     0.999999  -0.000868829  -0.000805308    -0.0662468   0.000871399      0.999995    0.00319597      0.349139   0.000802527   -0.00319667      0.999995     -0.322595
     0.999999  -0.000826608   -0.00077898     -0.063046   0.000828963      0.999995    0.00302705      0.341209   0.000776473   -0.00302769      0.999995     -0.339271
     0.999999  -0.000711356  -0.000753064    -0.0586101   0.000713919      0.999994     0.0034092      0.315452   0.000750635   -0.00340974      0.999994     -0.372095
     0.999999  -0.000714493  -0.000808178    -0.0495954   0.000717141      0.999994    0.00328091        0.3114   0.000805829   -0.00328149      0.999994     -0.319104
     0.999999  -0.000812649   -0.00081072    -0.0599658    0.00081512      0.999995     0.0030521      0.402708   0.000808236   -0.00305276      0.999995     -0.318641
     0.999999  -0.000926831   -0.00065876    -0.0668676   0.000929262      0.999993    0.00370074      0.327341   0.000655325   -0.00370135      0.999993     -0.358588
     0.999999  -0.000923353  -0.000621933    -0.0600255   0.000925536      0.999993    0.00351922      0.363811    0.00061868    -0.0035198      0.999994      -0.35562
     0.999999  -0.000805252  -0.000812849    -0.0613672   0.000808021      0.999994    0.00341245      0.263357   0.000810096   -0.00341311      0.999994     -0.335916
     0.999999  -0.000761869  -0.000792921    -0.0597603   0.000764653      0.999994    0.00351729      0.367644   0.000790236   -0.00351789      0.999993     -0.340798
     0.999999  -0.000892194  -0.000793828    -0.0663155   0.000894907      0.999994    0.00342343      0.387276   0.000790769   -0.00342414      0.999994     -0.327408
     0.999999  -0.000875858  -0.000771975    -0.0699799   0.000878405      0.999994     0.0033043      0.355863   0.000769076   -0.00330497      0.999994     -0.333678
     0.999999  -0.000898316   -0.00066507    -0.0630727   0.000900703      0.999993    0.00359829      0.353965   0.000661833   -0.00359889      0.999993     -0.378292
     0.999999  -0.000738646  -0.000748265    -0.0534398   0.000741054      0.999995    0.00322295      0.312933    0.00074588    -0.0032235      0.999995     -0.329051
     0.999999  -0.000762978  -0.000782072    -0.0572495    0.00076544      0.999995    0.00315176      0.343219   0.000779663   -0.00315236      0.999995     -0.316302
     0.999999  -0.000879798  -0.000686841    -0.0661508   0.000882245      0.999993    0.00356952      0.375975   0.000683695   -0.00357012      0.999993     -0.360335
     0.999999  -0.000897761  -0.000742635    -0.0634759   0.000900334      0.999994    0.00347217      0.373924   0.000739513   -0.00347283      0.999994     -0.357798
     0.999999  -0.000830434  -0.000788452    -0.0627449   0.000833018      0.999994     0.0032834      0.305935   0.000785721   -0.00328405      0.999994     -0.348541
     0.999999  -0.000735846  -0.000875335    -0.0633033   0.000738967      0.999993    0.00357073      0.342708   0.000872702   -0.00357137      0.999993     -0.353905
     0.999999   -0.00088001  -0.000875482    -0.0689751   0.000883023      0.999994    0.00344696      0.414044   0.000872444   -0.00344773      0.999994     -0.336752
     0.999999  -0.000872374  -0.000805612    -0.0662747   0.000875066      0.999994    0.00334706      0.360456   0.000802688   -0.00334776      0.999994     -0.330551
     0.999999   -0.00087202  -0.000693131    -0.0644654   0.000874645      0.999992    0.00379602      0.379574   0.000689815   -0.00379663      0.999993     -0.387856
     0.999999  -0.000715819  -0.000790036    -0.0552749   0.000718635      0.999993    0.00357006      0.308681   0.000787476   -0.00357063      0.999993     -0.354681
     0.999999  -0.000773914   -0.00077565    -0.0552191   0.000776625      0.999994    0.00350099      0.358061   0.000772935   -0.00350159      0.999994     -0.325428
     0.999999  -0.000830941  -0.000762013    -0.0659782   0.000833506      0.999994    0.00337276      0.393018   0.000759206   -0.00337339      0.999994     -0.318784
     0.999999  -0.000957635  -0.000602365    -0.0667424    0.00095993      0.999992    0.00382145      0.362324   0.000598701   -0.00382203      0.999993     -0.369925
     0.999999  -0.000798526  -0.000658342    -0.0547015   0.000800889      0.999993    0.00359659      0.401429   0.000655466   -0.00359711      0.999993     -0.370135
     0.999999  -0.000712051  -0.000920089    -0.0614557   0.000715363      0.999993    0.00360424      0.291687   0.000917517    -0.0036049      0.999993     -0.345316
     0.999999  -0.000778798  -0.000925631    -0.0598721   0.000782216      0.999993     0.0036981       0.36949   0.000922744   -0.00369882      0.999993      -0.33907
     0.999999  -0.000839035  -0.000856109    -0.0630678    0.00084218      0.999993    0.00368022      0.393656   0.000853015   -0.00368094      0.999993     -0.340478
     0.999999  -0.000862536  -0.000831209    -0.0648565   0.000865531      0.999993    0.00361014      0.344965    0.00082809   -0.00361086      0.999993     -0.357099
     0.999999  -0.000802062  -0.000962482    -0.0618546   0.000805686      0.999993    0.00377079      0.327423   0.000959451   -0.00377156      0.999992     -0.382749
     0.999999   -0.00065624  -0.000963938    -0.0520427   0.000659824      0.999993    0.00372268      0.332872   0.000961488   -0.00372331      0.999993     -0.341947
     0.999999  -0.000802861   -0.00092391    -0.0619341   0.000806194      0.999993    0.00361298      0.425567   0.000921003   -0.00361372      0.999993     -0.343914
     0.999999  -0.000892523  -0.000796861    -0.0662844   0.000895775      0.999991    0.00409113      0.387773   0.000793203   -0.00409184      0.999991     -0.379835
     0.999999  -0.000809481  -0.000919759    -0.0620122   0.000812804      0.999993    0.00361901      0.349443   0.000916823   -0.00361975      0.999993     -0.373759
     0.999999  -0.000645712  -0.000931307    -0.0572293   0.000648913      0.999994    0.00344056      0.319718    0.00092908   -0.00344116      0.999994     -0.344024
     0.999999  -0.000790693  -0.000929031    -0.0589635   0.000794132      0.999993    0.00370646      0.328587   0.000926094   -0.00370719      0.999993      -0.34583
     0.999999   -0.00087187  -0.000811092    -0.0600819   0.000874845      0.999993     0.0036744      0.386434   0.000807882   -0.00367511      0.999993      -0.34703
     0.999999  -0.000885978  -0.000801083    -0.0635128   0.000888876      0.999993    0.00362393      0.354345   0.000797866   -0.00362464      0.999993     -0.356124
     0.999999   -0.00084715  -0.000857127     -0.063683   0.000850502      0.999992    0.00391744       0.28669   0.000853802   -0.00391816      0.999992     -0.363151
     0.999999  -0.000814542  -0.000934055    -0.0644852   0.000817994      0.999993    0.00370127      0.432939   0.000931034   -0.00370204      0.999993     -0.342236
     0.999999  -0.000851085  -0.000875462    -0.0675886   0.000854194      0.999993    0.00355671      0.372845   0.000872429   -0.00355745      0.999993     -0.334592
     0.999999    -0.0009676  -0.000800609    -0.0726624   0.000970808      0.999991    0.00401686      0.444131   0.000796716   -0.00401763      0.999992     -0.385991
     0.999999  -0.000792402  -0.000837696    -0.0575447   0.000795843      0.999991    0.00411503      0.380559   0.000834428   -0.00411569      0.999991     -0.384662
     0.999999  -0.000763487    -0.0009067    -0.0557454   0.000767212      0.999991    0.00411577      0.336282    0.00090355   -0.00411646      0.999991     -0.353399
     0.999999  -0.000851543  -0.000780021    -0.0574093   0.000854801      0.999991    0.00418655      0.378542   0.000776449   -0.00418721      0.999991     -0.361861
     0.999999  -0.000971582  -0.000781778     -0.062686   0.000974806      0.999991    0.00413391      0.425598   0.000777754   -0.00413467      0.999991     -0.362132
     0.999999  -0.000930807  -0.000841414    -0.0662826   0.000934027      0.999992    0.00383509      0.370137   0.000837837   -0.00383587      0.999992     -0.363055
     0.999999  -0.000794487  -0.000915801    -0.0585376   0.000798367      0.999991    0.00424359      0.294244   0.000912421   -0.00424431      0.999991     -0.372635
     0.999999  -0.000833005  -0.000924326    -0.0583604   0.000836688      0.999992    0.00399092      0.376598   0.000920994    -0.0039917      0.999992     -0.343885
     0.999999  -0.000923423   -0.00079322    -0.0628563   0.000926451      0.999992    0.00382477      0.428017   0.000789681    -0.0038255      0.999992     -0.355688
     0.999999  -0.000986843  -0.000786337    -0.0717762   0.000990173      0.999991    0.00424474      0.435635   0.000782141   -0.00424551      0.999991     -0.399083
     0.999999  -0.000826481  -0.000804857    -0.0572774   0.000829621      0.999992     0.0039084      0.291382    0.00080162   -0.00390906      0.999992      -0.37901
     0.999999  -0.000811714  -0.000943914    -0.0609662   0.000815298      0.999992      0.003803      0.325899    0.00094082   -0.00380377      0.999992     -0.355438
     0.999999  -0.000873684  -0.000860725    -0.0599089   0.000877345      0.999991    0.00426216      0.421297   0.000856993   -0.00426291      0.999991     -0.384346
     0.999999  -0.000964399  -0.000847024    -0.0648977   0.000967998       0.99999    0.00425831       0.44263   0.000842909   -0.00425912      0.999991     -0.385369
     0.999999  -0.000943892  -0.000850795    -0.0671963   0.000947185      0.999992    0.00387822      0.406063   0.000847127   -0.00387902      0.999992     -0.369026
     0.999999  -0.000902883   -0.00079191     -0.060123   0.000906101      0.999991    0.00407356      0.355876   0.000788225   -0.00407427      0.999991     -0.373037
     0.999999  -0.000843179  -0.000848094    -0.0565811   0.000846529      0.999992    0.00395714      0.334636   0.000844751   -0.00395786      0.999992     -0.332719
     0.999999  -0.000987884  -0.000910288    -0.0673246    0.00099135      0.999992    0.00381484      0.430587   0.000906512   -0.00381574      0.999992     -0.358264
     0.999999  -0.000981024  -0.000839555    -0.0675187   0.000984545      0.999991     0.0042035      0.394893   0.000835424   -0.00420432      0.999991     -0.396145
     0.999999  -0.000868722  -0.000848616     -0.054096   0.000872052      0.999992    0.00393133      0.302575   0.000845194   -0.00393207      0.999992     -0.371363
     0.999999  -0.000905019  -0.000990484    -0.0625308   0.000908825      0.999992    0.00384887      0.375393   0.000986993   -0.00384977      0.999992     -0.353813
     0.999999   -0.00101219  -0.000883276    -0.0682099    0.00101581      0.999991    0.00410736      0.430222   0.000879111   -0.00410825      0.999991     -0.379223
     0.999999  -0.000968418  -0.000807513    -0.0648022   0.000971794      0.999991     0.0041906      0.438166   0.000803447   -0.00419139      0.999991     -0.388365
     0.999999  -0.000884347  -0.000933026    -0.0638863   0.000887904      0.999992    0.00381979      0.349748   0.000929641   -0.00382061      0.999992     -0.372481
     0.999999  -0.000753356  -0.000946042    -0.0571377   0.000757366      0.999991    0.00424603      0.392111   0.000942834   -0.00424675      0.999991     -0.379887
     0.999999  -0.000977847  -0.000968084    -0.0690884   0.000981978       0.99999    0.00427533      0.402143   0.000963894   -0.00427628       0.99999     -0.368496
     0.999999  -0.000953401  -0.000882893    -0.0671567   0.000957054      0.999991    0.00414536      0.433719   0.000878932    -0.0041462      0.999991     -0.384577
     0.999999  -0.000864956  -0.000946261     -0.062838   0.000868817      0.999991    0.00408805      0.377813   0.000942717   -0.00408886      0.999991     -0.392616
     0.999999  -0.000819378  -0.000979086    -0.0587955   0.000823782       0.99999    0.00450628       0.40732   0.000975383   -0.00450708      0.999989     -0.375368
     0.999999  -0.000840245  -0.000948487    -0.0589756   0.000844189      0.999991    0.00416542      0.448824   0.000944979   -0.00416622      0.999991     -0.359281
     0.999999  -0.000985141    -0.0008894    -0.0720826   0.000988712      0.999991    0.00402376      0.450721   0.000885428   -0.00402463      0.999992     -0.379627
     0.999999  -0.000953304  -0.000805786    -0.0652807   0.000956821       0.99999    0.00437522      0.381081   0.000801607   -0.00437599       0.99999     -0.400071
     0.999999  -0.000785621  -0.000849793    -0.0543392   0.000789149      0.999991    0.00415847      0.344946   0.000846518   -0.00415913      0.999991     -0.382914
     0.999999  -0.000809944  -0.000814838    -0.0567858   0.000813688      0.999989    0.00460513      0.373236   0.000811099   -0.00460579      0.999989     -0.380589
     0.999999  -0.000863079  -0.000742163     -0.057108   0.000866242       0.99999     0.0042728      0.408338   0.000738468   -0.00427344      0.999991     -0.335049
     0.999999   -0.00106886   -0.00112379    -0.0744825    0.00107412      0.999988    0.00468338      0.393033    0.00111877   -0.00468458      0.999988     -0.373659
     0.999999    -0.0010248  -0.000920447    -0.0679553    0.00102919      0.999988    0.00477964      0.457332   0.000915537   -0.00478058      0.999988     -0.409471
     0.999999  -0.000872651  -0.000941303    -0.0608379   0.000877296      0.999987    0.00494619      0.313653   0.000936975   -0.00494701      0.999987     -0.382427
     0.999999  -0.000797554  -0.000903028    -0.0559006   0.000802358      0.999985    0.00533247      0.381715   0.000898762   -0.00533319      0.999985     -0.401656
     0.999999  -0.000976104  -0.000969668    -0.0700928   0.000981072      0.999986    0.00513691      0.414073   0.000964641   -0.00513785      0.999986     -0.395729
     0.999999  -0.000962546  -0.000987249    -0.0756596   0.000967346      0.999988    0.00487272      0.456102   0.000982547   -0.00487368      0.999988     -0.410097
     0.999999  -0.000892373  -0.000942598    -0.0716046   0.000897256      0.999986    0.00519304      0.435388   0.000937951   -0.00519388      0.999986     -0.437548
     0.999999  -0.000825702   -0.00101609    -0.0636049   0.000830554      0.999988    0.00478423      0.394147    0.00101213   -0.00478507      0.999988      -0.38775
     0.999999  -0.000880793  -0.000975058    -0.0703925   0.000885502      0.999988    0.00483923       0.42706   0.000970784   -0.00484009      0.999988     -0.388304
     0.999999   -0.00101203  -0.000985516    -0.0784155    0.00101716      0.999986    0.00521262      0.511891   0.000980227   -0.00521362      0.999986     -0.437165
     0.999999  -0.000937278  -0.000967286    -0.0718853   0.000942317      0.999986    0.00522233      0.460866   0.000962378   -0.00522323      0.999986     -0.433535
     0.999999  -0.000833928   -0.00104218    -0.0714973   0.000839038      0.999988     0.0049116      0.435618    0.00103807   -0.00491247      0.999987       -0.4212
     0.999999  -0.000855981    -0.0010775    -0.0709624   0.000861565      0.999986    0.00519183      0.431825    0.00107304   -0.00519276      0.999986     -0.420432
     0.999999   -0.00103972  -0.000989606    -0.0793231    0.00104497      0.999985    0.00531754      0.596783   0.000984063   -0.00531857      0.999985     -0.442683
     0.999999  -0.000919575  -0.000940192    -0.0721174    0.00092439      0.999986    0.00513327      0.476719   0.000935459   -0.00513413      0.999986     -0.437028
     0.999999  -0.000840976   -0.00104758    -0.0729752   0.000846232      0.999987    0.00502731      0.423824    0.00104334   -0.00502819      0.999987     -0.430979
     0.999999  -0.000734168   -0.00102213    -0.0646057    0.00073948      0.999986    0.00520606      0.423652     0.0010183   -0.00520681      0.999986      -0.42766
     0.999999  -0.000948938   -0.00096217    -0.0717396   0.000953925      0.999986    0.00519542      0.537146   0.000957226   -0.00519633      0.999986     -0.423733
     0.999999   -0.00100398   -0.00102412    -0.0792943    0.00100901      0.999987    0.00492034      0.448229    0.00101917   -0.00492137      0.999987     -0.423528
     0.999999  -0.000946438   -0.00106959    -0.0706555   0.000952004      0.999986    0.00521509      0.418599    0.00106464   -0.00521611      0.999986      -0.44293
     0.999999  -0.000853201   -0.00114431    -0.0677862   0.000858954      0.999987    0.00503678      0.454152    0.00113999   -0.00503776      0.999987     -0.403408
     0.999999  -0.000943626   -0.00116963    -0.0772728   0.000949608      0.999986    0.00512484      0.532222    0.00116478   -0.00512594      0.999986     -0.414297
     0.999999   -0.00110634   -0.00114477    -0.0903675    0.00111315      0.999982    0.00596127      0.548437    0.00113816   -0.00596254      0.999982     -0.482688
     0.999999  -0.000919382   -0.00122426    -0.0755799   0.000926102      0.999984    0.00549938      0.499943    0.00121919   -0.00550051      0.999984      -0.45912
     0.999999  -0.000946004   -0.00119063    -0.0778185   0.000952486      0.999985    0.00545545      0.481445    0.00118545   -0.00545658      0.999984     -0.434428
     0.999999   -0.00109389   -0.00115137    -0.0855986    0.00110045      0.999983    0.00571375      0.550526     0.0011451   -0.00571501      0.999983     -0.452766
     0.999999   -0.00103188   -0.00116355    -0.0818788    0.00103841      0.999984    0.00562502       0.49557    0.00115773   -0.00562622      0.999984     -0.448176
     0.999999  -0.000937929   -0.00121717    -0.0781374   0.000944507      0.999985    0.00541508      0.484109    0.00121207   -0.00541622      0.999985      -0.45554
     0.999999  -0.000838066   -0.00129876    -0.0736615   0.000845397      0.999984    0.00565422      0.437352      0.001294   -0.00565531      0.999983     -0.442494
     0.999999  -0.000985375   -0.00128845    -0.0835623   0.000992706      0.999983    0.00570172      0.548376    0.00128281   -0.00570299      0.999983       -0.4327
     0.999999   -0.00104058   -0.00115809    -0.0845564    0.00104734      0.999982    0.00585283      0.555277    0.00115198   -0.00585403      0.999982     -0.462539
     0.999999    -0.0010655   -0.00114673    -0.0845502     0.0010721      0.999983    0.00576672      0.498835    0.00114057   -0.00576795      0.999983     -0.475965
     0.999999  -0.000896323   -0.00120046    -0.0761414   0.000903548      0.999981    0.00603188      0.458008    0.00119503   -0.00603295      0.999981     -0.465634
     0.999999   -0.00094298    -0.0011752    -0.0771293   0.000949929      0.999982     0.0059263      0.509008    0.00116959   -0.00592741      0.999982      -0.44263
     0.999999   -0.00102431   -0.00115799    -0.0848322    0.00103086      0.999983    0.00567463       0.57991    0.00115215   -0.00567581      0.999983     -0.457552
     0.999999   -0.00102446   -0.00102845    -0.0837192    0.00103068      0.999981    0.00606956      0.489775    0.00102221   -0.00607061      0.999981     -0.482147
     0.999999  -0.000899211   -0.00109759    -0.0766055   0.000905438      0.999983    0.00568683      0.479333    0.00109245   -0.00568781      0.999983     -0.469234
     0.999999  -0.000891776   -0.00116807    -0.0785762   0.000898631      0.999982    0.00588114      0.487904     0.0011628   -0.00588218      0.999982     -0.443915
     0.999999   -0.00101206   -0.00108318    -0.0841853    0.00101863      0.999981    0.00608665      0.544047      0.001077   -0.00608775      0.999981     -0.476162
     0.999999   -0.00101902   -0.00105168    -0.0816329    0.00102519      0.999982    0.00588061      0.520733    0.00104566   -0.00588168      0.999982      -0.46544
     0.999999  -0.000900094   -0.00118459    -0.0792481     0.0009068      0.999983    0.00567312        0.4242    0.00117947   -0.00567419      0.999983     -0.470464
     0.999999  -0.000845677    -0.0012361    -0.0769536   0.000853213      0.999981     0.0061088      0.492205    0.00123091   -0.00610985      0.999981     -0.489754
     0.999999  -0.000939803   -0.00114341    -0.0765424   0.000946798      0.999981    0.00613268      0.543309    0.00113763   -0.00613375      0.999981     -0.472831
     0.999999    -0.0009894   -0.00110677    -0.0834519   0.000995834      0.999983    0.00582824        0.5956    0.00110099   -0.00582934      0.999982     -0.479134
     0.999999    -0.0010264  -0.000919062    -0.0815389    0.00103221      0.999979    0.00633956      0.622677   0.000912536    -0.0063405      0.999979     -0.528311
     0.999999  -0.000893633   -0.00108729    -0.0767589   0.000900356       0.99998    0.00619859      0.527264    0.00108173   -0.00619957       0.99998     -0.514541
     0.999999  -0.000802566   -0.00119325    -0.0779076   0.000809936      0.999981    0.00618906      0.525902    0.00118826   -0.00619002       0.99998      -0.48762
     0.999999  -0.000976201   -0.00117798    -0.0864129   0.000983728      0.999979    0.00640562      0.585897     0.0011717   -0.00640677      0.999979     -0.495526
     0.999999   -0.00101284   -0.00111305    -0.0865597    0.00101998      0.999979    0.00642502      0.562637    0.00110652   -0.00642615      0.999979     -0.495605
     0.999999  -0.000945618   -0.00109001    -0.0796918   0.000952267      0.999981     0.0061152      0.536611    0.00108421   -0.00611623      0.999981     -0.498225
     0.999999    -0.0008825   -0.00112433    -0.0787301    0.00088983      0.999978    0.00653577      0.483061    0.00111854   -0.00653676      0.999978     -0.497869
     0.999999  -0.000998081     -0.001171    -0.0808821    0.00100567      0.999978    0.00649727      0.569928    0.00116449   -0.00649844      0.999978     -0.473084
     0.999999    -0.0010508   -0.00112645    -0.0871683    0.00105789       0.99998    0.00630994      0.628377    0.00111979   -0.00631112      0.999979     -0.490058
     0.999999   -0.00103981   -0.00108424    -0.0886611    0.00104696      0.999978    0.00661393      0.521464    0.00107734   -0.00661506      0.999978     -0.517793
     0.999999  -0.000935653   -0.00109527    -0.0824025   0.000942757      0.999978    0.00650335      0.578827    0.00108916   -0.00650438      0.999978      -0.51637
     0.999999  -0.000927789   -0.00116667     -0.086344   0.000935214      0.999979    0.00638048      0.512388    0.00116072   -0.00638157      0.999979     -0.480521
     0.999999   -0.00108653   -0.00122458    -0.0987676    0.00109425      0.999979    0.00631921      0.587675    0.00121769   -0.00632054      0.999979     -0.502862
     0.999999  -0.000951028   -0.00117327     -0.086076   0.000958709      0.999978    0.00656353      0.534398    0.00116701   -0.00656464      0.999978     -0.511541
     0.999999  -0.000834003   -0.00125602    -0.0823512   0.000841744      0.999981    0.00617535      0.495596    0.00125085    -0.0061764       0.99998      -0.47601
     0.999999  -0.000919757    -0.0011793    -0.0834044   0.000927033       0.99998    0.00618369      0.557998    0.00117359   -0.00618478       0.99998     -0.476869
     0.999999   -0.00104454    -0.0011809    -0.0898646    0.00105207      0.999979    0.00639448      0.608107     0.0011742   -0.00639571      0.999979     -0.497812
     0.999999  -0.000948886   -0.00103993    -0.0801508   0.000955308       0.99998    0.00619271      0.601184    0.00103403    -0.0061937       0.99998     -0.505208
     0.999999  -0.000992622   -0.00106696    -0.0857482   0.000999368      0.999979    0.00634081      0.515172    0.00106064   -0.00634187      0.999979      -0.51108
     0.999999  -0.000955719    -0.0011254    -0.0811482   0.000963354      0.999976    0.00680365      0.525835    0.00111887   -0.00680473      0.999976     -0.492507
     0.999999   -0.00100801    -0.0010257    -0.0816212    0.00101468      0.999978    0.00652192      0.547148     0.0010191   -0.00652296      0.999978     -0.487235
