# 3dvolreg matrices (DICOM-to-DICOM, row-by-row):
            1             0             0            -0             0             1             0            -0             0             0             1            -0
     0.999994    0.00328957    0.00102671     0.0637773   -0.00326481      0.999724    -0.0232499     0.0880384   -0.00110291     0.0232464      0.999729      0.230357
      0.99994    0.00307832    -0.0105278     -0.120733   -0.00308297      0.999995  -0.000425192      0.662177     0.0105264   0.000457624      0.999944      0.250189
     0.999974    0.00240817   -0.00684444     0.0121319   -0.00237134      0.999983    0.00538446      0.583263    0.00685728   -0.00536808      0.999962      0.136712
     0.999985    0.00159389     -0.005214     0.0381876   -0.00156724      0.999986    0.00511129      0.516928    0.00522207   -0.00510304      0.999973      0.133677
     0.999987   0.000785614   -0.00497915     0.0350966  -0.000749153      0.999973    0.00732028      0.643797    0.00498477   -0.00731646      0.999961    -0.0303477
     0.999986  -0.000346197    -0.0053072      0.075108   0.000345545             1  -0.000123818      0.560668    0.00530725   0.000121983      0.999986   -0.00243219
     0.999986  -0.000204615   -0.00523466      0.051104   0.000213813      0.999998    0.00175671      0.548696    0.00523429    -0.0017578      0.999985  -1.95582e-05
     0.999992   -0.00171111   -0.00374074     0.0581206    0.00173596      0.999976    0.00664884      0.661144    0.00372928   -0.00665528      0.999971      0.149701
     0.999993   -0.00128206   -0.00358382      0.042278     0.0013048      0.999979    0.00634886      0.667036     0.0035756   -0.00635349      0.999973     0.0907278
     0.999991   -0.00139757   -0.00389224    0.00836753    0.00142884      0.999967    0.00804422      0.608935    0.00388086   -0.00804971       0.99996      0.176181
     0.999992   -0.00158209   -0.00372901     0.0121337    0.00160942      0.999972    0.00733846      0.647275     0.0037173    -0.0073444      0.999966      0.168948
     0.999993   -0.00134677   -0.00340725     0.0123533    0.00137188      0.999972    0.00737659      0.661891    0.00339722   -0.00738121      0.999967     0.0778641
     0.999993   -0.00149047   -0.00349137   -0.00511208    0.00151455      0.999975    0.00690389      0.699934    0.00348099   -0.00690912       0.99997     0.0511845
     0.999992   -0.00151111   -0.00357134    -0.0196895    0.00153314       0.99998    0.00617446      0.677876    0.00356194   -0.00617988      0.999975     0.0607067
     0.999988    -0.0014169   -0.00467575    -0.0191443    0.00145389      0.999968    0.00791645      0.702368    0.00466439   -0.00792316      0.999958      0.146917
     0.999987   -0.00159504   -0.00481193   -0.00860077    0.00164172      0.999951    0.00971171      0.687679    0.00479621   -0.00971949      0.999941      0.149588
     0.999986   -0.00161576    -0.0050226   -0.00412651    0.00166205      0.999956    0.00922779      0.694944    0.00500747   -0.00923601      0.999945       0.14124
     0.999988   -0.00177482   -0.00446811   -0.00654611    0.00181116      0.999965    0.00814198      0.724473     0.0044535   -0.00814997      0.999957      0.106166
     0.999987   -0.00158038   -0.00475107    -0.0195127    0.00161817      0.999967    0.00796069      0.719449    0.00473833   -0.00796828      0.999957     0.0792348
     0.999987   -0.00128962   -0.00492024    0.00333953    0.00133035      0.999965    0.00828351      0.711302    0.00490939   -0.00828995      0.999954     0.0929854
      0.99999   -0.00170483   -0.00423512     0.0336167    0.00174721      0.999948     0.0100238      0.798796    0.00421781    -0.0100311      0.999941      0.156922
     0.999994   -0.00160601   -0.00290609     0.0143664    0.00165964      0.999827     0.0185446      0.736634     0.0028758    -0.0185493      0.999824       0.10579
     0.999995   -0.00120439   -0.00298079    0.00156074    0.00124389      0.999911     0.0132857      0.897613    0.00296452    -0.0132893      0.999907    -0.0279532
     0.999994   -0.00193116   -0.00280354    -0.0206462    0.00196763      0.999913     0.0130654      0.935263    0.00277807    -0.0130709      0.999911    -0.0555391
     0.999993   -0.00211107   -0.00297903    -0.0337581    0.00214908      0.999916     0.0128159      0.883932    0.00295172    -0.0128222      0.999913    -0.0874003
     0.999993   -0.00210881   -0.00316967    -0.0437586    0.00215212      0.999904     0.0137233      0.909012    0.00314042      -0.01373      0.999901    -0.0700837
     0.999993   -0.00202623   -0.00304592    -0.0322891    0.00207177      0.999885     0.0150223       0.96126    0.00301513    -0.0150285      0.999883    -0.0272138
     0.999991    -0.0023961   -0.00343066    0.00626754    0.00244518      0.999894     0.0143743      0.849736    0.00339585    -0.0143826      0.999891    -0.0103515
     0.999989   -0.00274127   -0.00376239    -0.0162913    0.00279351      0.999899       0.01395      0.899237    0.00372377    -0.0139604      0.999896    -0.0366572
      0.99999   -0.00226429   -0.00389751     -0.021407    0.00231846        0.9999     0.0139514      0.877077    0.00386553    -0.0139602      0.999895    -0.0566934
     0.999986   -0.00363588   -0.00383011    -0.0313416    0.00370328      0.999836      0.017739      0.977519    0.00376498    -0.0177529      0.999835     0.0951015
     0.999988   -0.00335971   -0.00343626     0.0265608    0.00341545      0.999861     0.0163465      0.847234    0.00338086     -0.016358       0.99986     0.0592972
     0.999989   -0.00316572   -0.00353187    -0.0148727    0.00321532      0.999895     0.0141258       1.12748    0.00348679     -0.014137      0.999894     -0.218982
     0.999993     -0.002985    -0.0021506     0.0214033    0.00301498      0.999896     0.0140733       1.01885    0.00210837    -0.0140796      0.999899    -0.0957758
     0.999993   -0.00298934   -0.00221355     0.0485767    0.00301977      0.999899     0.0138757       0.83909    0.00217185    -0.0138823      0.999901     0.0381118
     0.999993   -0.00275302   -0.00260614     0.0593549    0.00278909      0.999899     0.0139361      0.890301    0.00256751    -0.0139433      0.999899    -0.0447744
     0.999992   -0.00303574   -0.00277241     0.0491055    0.00307378        0.9999       0.01382      0.933359    0.00273018    -0.0138284      0.999901    -0.0599137
     0.999992   -0.00287191   -0.00291853     0.0625375    0.00291267      0.999897     0.0140611      0.915214    0.00287785    -0.0140695      0.999897    -0.0814754
      0.99999   -0.00292362   -0.00323833      0.067802     0.0029695      0.999894     0.0142534      0.971721    0.00319631    -0.0142629      0.999893    -0.0965519
      0.99999   -0.00292726   -0.00349103     0.0870891     0.0029776       0.99989     0.0145017      0.969471    0.00344819    -0.0145119      0.999889     -0.158526
      0.99999   -0.00294123   -0.00327817     0.0922856    0.00298601      0.999901     0.0137404      0.964673    0.00323744      -0.01375        0.9999    -0.0912973
     0.999991   -0.00281524   -0.00331598     0.0809405    0.00286056      0.999901     0.0137424      0.965382    0.00327696    -0.0137518        0.9999     -0.134758
      0.99999   -0.00276583   -0.00344287     0.0874134    0.00281244      0.999903     0.0136074       0.93753    0.00340491    -0.0136169      0.999901     -0.086558
      0.99999   -0.00279582   -0.00345478     0.0844864    0.00284105      0.999909     0.0131595      0.962356    0.00341767    -0.0131692      0.999907     -0.109851
     0.999989   -0.00281532   -0.00379971     0.0920658     0.0028678        0.9999     0.0138791       0.94018    0.00376025    -0.0138898      0.999896    -0.0825377
     0.999989   -0.00272153   -0.00390179     0.0882441    0.00277768      0.999892     0.0144595       0.97122    0.00386201    -0.0144702      0.999888     -0.101467
     0.999989   -0.00261151   -0.00381298      0.086315    0.00266475      0.999898     0.0140242      0.970554    0.00377597    -0.0140342      0.999894    -0.0589812
     0.999989   -0.00207151   -0.00424121   -0.00356493    0.00221094      0.999448      0.033139        1.3266    0.00417022    -0.0331481      0.999442      0.165595
     0.999984   -0.00281693   -0.00486968     -0.112458    0.00292804      0.999732      0.022961       1.02405    0.00480369    -0.0229749      0.999725     0.0496654
     0.999982   -0.00304603   -0.00512796     -0.106532    0.00315524      0.999765     0.0214247       1.13611    0.00506149    -0.0214405      0.999757     0.0123084
     0.999977   -0.00364135   -0.00580032     -0.111293    0.00377213      0.999735     0.0226975      0.956001    0.00571614    -0.0227189      0.999726      0.157704
     0.999978   -0.00355378   -0.00551712    -0.0944786    0.00366448       0.99979     0.0201867       1.05557    0.00544422    -0.0202065      0.999781     0.0962928
     0.999979    -0.0034222   -0.00559292    -0.0897039    0.00353184      0.999799     0.0197123       1.09424    0.00552434    -0.0197317       0.99979     0.0705021
     0.999979   -0.00343546   -0.00552813    -0.0569283    0.00354468      0.999796     0.0198712       1.04475    0.00545873    -0.0198904      0.999787     0.0105026
     0.999968   -0.00569223   -0.00555107     -0.122691    0.00577979      0.999857      0.015886      0.886361    0.00545985    -0.0159176      0.999858      0.120788
     0.999965   -0.00539234   -0.00639641     -0.172129    0.00548225      0.999885     0.0141223      0.918484    0.00631953    -0.0141569       0.99988     0.0591598
      0.99996   -0.00573033   -0.00687332     -0.190198    0.00583054      0.999876     0.0146501      0.945831    0.00678851    -0.0146896      0.999869     0.0398856
     0.999964   -0.00539764   -0.00660023     -0.175711    0.00549034      0.999885     0.0141089      0.920262    0.00652332    -0.0141446      0.999879     0.0488353
     0.999991   -0.00399419    0.00171766      0.340823    0.00400353      0.999977   -0.00546883       0.25174   -0.00169578    0.00547566      0.999984     -0.142558
     0.999973  -0.000874257   -0.00723031      -0.02693   0.000649035      0.999516    -0.0310936      0.296426    0.00725399     0.0310881       0.99949      0.110358
     0.999961   -0.00466777   -0.00745398     0.0781041    0.00470068      0.999979    0.00440429      0.727712    0.00743326   -0.00443916      0.999963     0.0665668
     0.999975   -0.00349049   -0.00618225      0.119893    0.00348409      0.999993   -0.00104547      0.598171    0.00618586     0.0010239       0.99998      0.111503
     0.999975   -0.00350804   -0.00618154      0.106456    0.00354486      0.999976    0.00595488      0.809993     0.0061605   -0.00597664      0.999963    -0.0363453
      0.99998   -0.00323855   -0.00547686      0.107267    0.00327279      0.999975    0.00625429      0.829511    0.00545647   -0.00627209      0.999965     -0.154433
     0.999978   -0.00375011   -0.00554894      0.117023    0.00379196      0.999964    0.00755073      0.863532    0.00552043    -0.0075716      0.999956     -0.152991
     0.999977   -0.00398317   -0.00541302       0.12291    0.00402722      0.999959    0.00815163      0.880409    0.00538032   -0.00817324      0.999952     -0.199865
     0.999977    -0.0039664   -0.00544877      0.137207    0.00401037      0.999959    0.00808151      0.870205    0.00541649   -0.00810318      0.999952      -0.18496
     0.999978   -0.00421369   -0.00521648      0.114961    0.00425771      0.999955    0.00845557      0.915749    0.00518062   -0.00847759      0.999951     -0.237283
     0.999977   -0.00461025   -0.00506116      0.120844    0.00465346      0.999953    0.00855947      0.886492    0.00502146   -0.00858282      0.999951     -0.185912
     0.999976   -0.00467393   -0.00511169      0.103857    0.00471465      0.999957    0.00798344      0.911061    0.00507416   -0.00800735      0.999955     -0.204794
     0.999975   -0.00480598   -0.00525105      0.117644    0.00485295      0.999948    0.00896919      0.867768    0.00520767   -0.00899445      0.999946     -0.167575
     0.999974   -0.00459492   -0.00547802     0.0963672    0.00464514      0.999947    0.00919024      0.936177     0.0054355   -0.00921545      0.999943     -0.232404
     0.999974   -0.00474618    -0.0054109      0.102923    0.00479337       0.99995    0.00874167      0.916727    0.00536915   -0.00876738      0.999947      -0.20005
     0.999974   -0.00439991   -0.00575872     0.0935336    0.00445572      0.999943    0.00971415      0.947714    0.00571565   -0.00973955      0.999936     -0.218473
     0.999971   -0.00440328   -0.00618962      0.108399    0.00446583      0.999939     0.0101269      0.883612    0.00614465    -0.0101543       0.99993     -0.173875
     0.999972   -0.00493396   -0.00558627     0.0916723    0.00498996      0.999937     0.0100546      0.980236    0.00553631    -0.0100822      0.999934     -0.213142
     0.999971   -0.00498041   -0.00568707     0.0978351    0.00503861      0.999935     0.0102653      0.928718    0.00563557    -0.0102937      0.999931     -0.207062
     0.999972   -0.00491441   -0.00566454     0.0983832    0.00498253      0.999915     0.0120744       0.94718    0.00560472    -0.0121023      0.999911      0.023758
     0.999968   -0.00426319   -0.00684064      0.056048    0.00436287      0.999884     0.0146235      0.847769     0.0067775    -0.0146528       0.99987     0.0709247
     0.999968   -0.00614597   -0.00513439   -0.00140028    0.00630845       0.99946     0.0322525       1.24339     0.0049334    -0.0322839      0.999467      0.436971
     0.999961   -0.00573072   -0.00671124    -0.0800922    0.00591942      0.999578      0.028443       1.05147     0.0065454    -0.0284816      0.999573      0.375757
     0.999961    -0.0060492   -0.00647705    -0.0511171    0.00621243      0.999656     0.0254853      0.941368    0.00632065    -0.0255246      0.999654      0.322775
     0.999955   -0.00654026    -0.0067988     -0.035976    0.00670801      0.999666     0.0249505       1.01426    0.00663335     -0.024995      0.999666      0.287713
     0.999952   -0.00662142   -0.00724786    -0.0270455    0.00680107      0.999663     0.0250485      0.995367    0.00707956    -0.0250966       0.99966      0.200891
     0.999952   -0.00667444    -0.0071864    -0.0133452    0.00684698      0.999682     0.0242585       1.00928     0.0070222    -0.0243065       0.99968      0.223588
     0.999955   -0.00652536   -0.00688633    -0.0105126    0.00667582      0.999734     0.0220563      0.995404    0.00674058    -0.0221013      0.999733      0.130919
     0.999954   -0.00669024   -0.00687386   -0.00895607    0.00684091      0.999732     0.0221335      0.986558    0.00672394    -0.0221795      0.999731      0.129196
      0.99995   -0.00688183   -0.00720669    -0.0138191    0.00704263      0.999721       0.02253        1.0299    0.00704963    -0.0225796       0.99972      0.100101
     0.999949   -0.00696089   -0.00729408    0.00596373    0.00712179      0.999727     0.0222702      0.993915    0.00713706     -0.022321      0.999725       0.13934
     0.999946   -0.00696401   -0.00767153    0.00250499    0.00713593      0.999719     0.0226156       1.05023    0.00751188    -0.0226692      0.999715      0.109363
     0.999943   -0.00683146   -0.00821784   -0.00801853    0.00700989      0.999736     0.0218838      0.978539    0.00806618    -0.0219401      0.999727     0.0745352
     0.999994   -0.00350956  -0.000773657     0.0955353     0.0035104      0.999993    0.00108662      0.187783   0.000769838   -0.00108933      0.999999     0.0340038
     0.999995  -0.000737469     0.0032264     0.0274192     0.0007395             1  -0.000628363      0.809117   -0.00322594   0.000630746      0.999995    -0.0265624
     0.999991   -0.00331494   -0.00265596     -0.111081    0.00333412      0.999968    0.00725282      0.819554    0.00263183   -0.00726161       0.99997      0.134302
     0.999985   -0.00489614   -0.00251351    -0.0905449    0.00494654      0.999779     0.0204504      0.857497    0.00241283    -0.0204625      0.999788       0.38598
     0.999988   -0.00441636   -0.00214767    -0.0533277    0.00445586      0.999814     0.0187494      0.814792    0.00206447    -0.0187587      0.999822      0.330684
     0.999984   -0.00408526   -0.00379229     0.0136585    0.00423599      0.999165     0.0406283      0.906729    0.00362315    -0.0406437      0.999167       1.15336
     0.999981   -0.00488794   -0.00370668    -0.0741668    0.00503371      0.999171     0.0403931      0.823658    0.00350617     -0.040411      0.999177       1.31436
     0.999975   -0.00590992   -0.00384622     -0.110803    0.00605067      0.999272     0.0376733      0.911074    0.00362077    -0.0376956      0.999283      0.976732
     0.999976   -0.00596421   -0.00354496    -0.0982714    0.00608036      0.999413     0.0337109        1.0198    0.00334182    -0.0337316      0.999425      0.706216
     0.999973   -0.00637672   -0.00354089     -0.128018    0.00648493      0.999485     0.0314412       1.04568    0.00333857    -0.0314633      0.999499      0.620268
     0.999973   -0.00627437   -0.00385836     -0.117151    0.00639048      0.999503     0.0308543      0.968923    0.00366285    -0.0308782      0.999516      0.750132
     0.999966   -0.00657688   -0.00497222     -0.156374    0.00676334      0.999237     0.0384635      0.860285    0.00471546    -0.0384958      0.999248       1.27063
     0.999973   -0.00579078   -0.00442035     -0.150149    0.00592891      0.999473     0.0319031      0.924598    0.00423328    -0.0319285      0.999481      0.756392
     0.999974   -0.00587723   -0.00428697     -0.174037    0.00597582      0.999709     0.0233602      0.965391    0.00414843    -0.0233852      0.999718       0.57026
     0.999972   -0.00615417   -0.00420887     -0.184213    0.00625447      0.999686      0.024246      0.950507    0.00405834    -0.0242716      0.999697      0.562283
     0.999973   -0.00599438   -0.00421152     -0.173133    0.00610017      0.999654     0.0255721       0.97902    0.00405678    -0.0255971      0.999664       0.54985
     0.999969   -0.00630435    -0.0047353     -0.181948    0.00642451      0.999646     0.0258041       1.02291    0.00457095    -0.0258337      0.999656      0.507599
     0.999963   -0.00773003   -0.00390343     -0.143902    0.00785808      0.999393     0.0339302       1.10698    0.00363878    -0.0339596      0.999417      0.826326
     0.999962   -0.00820599   -0.00295772     -0.200998    0.00832855      0.998991     0.0441312       1.05708     0.0025926    -0.0441542      0.999021      0.833915
     0.999964   -0.00765264   -0.00355728     -0.155624    0.00776588      0.999426     0.0329899       1.09974    0.00330278    -0.0330164      0.999449         0.711
     0.999963   -0.00776413   -0.00378228     -0.151193    0.00789629       0.99931     0.0362795       1.07403    0.00349799     -0.036308      0.999335      0.686459
     0.999961   -0.00792693   -0.00377625      -0.16608    0.00806113      0.999284     0.0369568       1.14932    0.00348059    -0.0369858       0.99931       0.64624
     0.999964   -0.00753968   -0.00377959     -0.153783    0.00767097      0.999322     0.0360162       1.10642    0.00350548    -0.0360439      0.999344      0.565537
     0.999966   -0.00754034   -0.00322992     -0.157977    0.00763935      0.999464     0.0318259       1.15245    0.00298821    -0.0318495      0.999488      0.518164
      0.99997   -0.00713237   -0.00308435     -0.141256    0.00722024      0.999539      0.029484       1.05409    0.00287264    -0.0295053       0.99956      0.474876
     0.999968   -0.00722174   -0.00330702     -0.143235    0.00731855      0.999515     0.0302625       1.08888    0.00308687    -0.0302857      0.999537      0.507386
     0.999969   -0.00720542   -0.00332664     -0.156686    0.00730339       0.99951     0.0304412       1.08174    0.00310566    -0.0304645      0.999531      0.461562
     0.999968   -0.00733939   -0.00326311     -0.152303    0.00743681      0.999494     0.0309177       1.10814    0.00303454     -0.030941      0.999517      0.453147
     0.999967   -0.00736543   -0.00343004     -0.165331     0.0074704      0.999471     0.0316684        1.1328    0.00319498    -0.0316929      0.999493      0.417124
     0.999968   -0.00722405   -0.00333952     -0.154524    0.00732882      0.999445     0.0325054       1.12834    0.00310285    -0.0325288      0.999466      0.432784
     0.999966   -0.00750607   -0.00348187     -0.170678    0.00761301      0.999466     0.0317898       1.16961     0.0032414    -0.0318152      0.999489      0.429197
     0.999938    -0.0099137   -0.00497655    -0.0472789     0.0100775       0.99937     0.0340378       1.11028    0.00463597    -0.0340858      0.999408      0.529743
     0.999928    -0.0111215   -0.00455411     -0.180283     0.0113331      0.998714      0.049419       1.35129    0.00399864     -0.049467      0.998768      0.696725
     0.999966   -0.00747798   -0.00353727     -0.185748     0.0075611      0.999681     0.0241007      0.992417    0.00335591    -0.0241266      0.999703      0.479507
     0.999957   -0.00855392   -0.00369017     -0.189137    0.00864949      0.999606     0.0267126       1.06807    0.00346022    -0.0267433      0.999636      0.478187
     0.999956   -0.00856821   -0.00383315     -0.204125    0.00866982      0.999589     0.0273271       1.11212    0.00359743    -0.0273591      0.999619      0.387248
     0.999957   -0.00849363   -0.00362665     -0.197488    0.00858869      0.999597     0.0270539       1.08024     0.0033954    -0.0270839      0.999627      0.368013
     0.999958   -0.00832873   -0.00378809     -0.208275    0.00842886      0.999594      0.027232        1.1134    0.00355974    -0.0272627      0.999622      0.305287
     0.999958   -0.00816771   -0.00408495     -0.191407    0.00827784      0.999582      0.027711       1.10037     0.0038569    -0.0277436      0.999608      0.297864
      0.99996   -0.00798443   -0.00396248     -0.199425    0.00808765      0.999609     0.0267545       1.13669    0.00374731    -0.0267855      0.999634      0.289675
      0.99996   -0.00800293    -0.0039756     -0.192071    0.00810436      0.999624     0.0261878       1.07316    0.00376452     -0.026219      0.999649      0.313699
      0.99996   -0.00798821   -0.00395151     -0.190888    0.00808894      0.999625     0.0261673       1.13684      0.003741    -0.0261982       0.99965      0.302603
     0.999957   -0.00855876    -0.0035741      -0.14523    0.00864065      0.999685      0.023564       1.04013     0.0033713    -0.0235939      0.999716      0.247257
     0.999951   -0.00938222   -0.00322409     -0.136027      0.009457      0.999667     0.0240209       1.11178    0.00299764    -0.0240502      0.999706      0.238033
     0.999947   -0.00979187   -0.00326532     -0.123078    0.00986803      0.999659     0.0241861       1.05683    0.00302737    -0.0242171      0.999702      0.219786
      0.99995   -0.00943847   -0.00324443     -0.111763    0.00951283      0.999673     0.0237223       1.13329    0.00301947    -0.0237519      0.999713      0.207734
     0.999949   -0.00943375   -0.00351486     -0.116347    0.00951587      0.999664     0.0241299       1.07762    0.00328604    -0.0241621      0.999703       0.22261
     0.999949    -0.0097078   -0.00289574      -0.12546    0.00979365      0.999463     0.0312719       1.18383    0.00259061    -0.0312986      0.999507      0.533536
     0.999957   -0.00873807     -0.003071     -0.156303    0.00883395      0.999425     0.0327314       1.16999    0.00278323    -0.0327571      0.999459      0.429496
     0.999953   -0.00910992   -0.00330596     -0.135041    0.00920443      0.999514     0.0297972       1.19829     0.0030329    -0.0298263       0.99955      0.434917
     0.999951   -0.00923672   -0.00365773     -0.123544    0.00933919      0.999534     0.0290649       1.15068    0.00338756    -0.0290977      0.999571      0.397164
     0.999949   -0.00944205    -0.0036055     -0.104978     0.0095421      0.999539     0.0288224       1.13651     0.0033317    -0.0288553      0.999578      0.387507
     0.999953   -0.00898159    -0.0035328     -0.109762    0.00907558      0.999579      0.027556       1.15779    0.00328382    -0.0275868      0.999614      0.358601
     0.999953   -0.00894639    -0.0037083     -0.103892     0.0090478      0.999559     0.0282968        1.1105    0.00345351    -0.0283291      0.999593      0.338118
     0.999954   -0.00896863   -0.00349233     -0.118945    0.00906576      0.999542     0.0288672        1.2038    0.00323184    -0.0288975      0.999577      0.364792
     0.999953   -0.00895729   -0.00366496     -0.111238    0.00906241      0.999516      0.029748       1.12916    0.00339673    -0.0297798      0.999551      0.363853
     0.999954    -0.0089153   -0.00362384     -0.105473    0.00901516      0.999552     0.0285443       1.18362    0.00336773    -0.0285757      0.999586      0.359182
     0.999953   -0.00887628   -0.00393467    -0.0968548    0.00898622      0.999543     0.0288652       1.15158    0.00367665    -0.0288992      0.999576      0.319079
     0.999953   -0.00902584   -0.00365621     -0.108371    0.00912521      0.999562     0.0281406       1.18338    0.00340062    -0.0281727      0.999597      0.340171
     0.999955   -0.00886217   -0.00342136     -0.120598    0.00895553      0.999559     0.0283117       1.16424    0.00316895     -0.028341      0.999593      0.292775
     0.999954   -0.00907831   -0.00305924     -0.120369    0.00915949      0.999575     0.0276589       1.17646    0.00280684    -0.0276856      0.999613      0.319745
     0.999954    -0.0089969   -0.00333448     -0.114205      0.009092      0.999518     0.0296959       1.15758     0.0030657    -0.0297248      0.999553      0.273309
     0.999953   -0.00913759   -0.00320872     -0.113111    0.00923004      0.999505     0.0300903       1.22097    0.00293218    -0.0301185      0.999542      0.262993
     0.999952   -0.00911579   -0.00345092     -0.108677    0.00921255      0.999533     0.0291473       1.20346    0.00318361    -0.0291777      0.999569      0.253034
     0.999948   -0.00938326    -0.0040578     -0.150523    0.00951639      0.999372     0.0341377        1.2712    0.00373493    -0.0341745      0.999409      0.539926
     0.999929    -0.0110381   -0.00454798     -0.273697     0.0112521      0.998683     0.0500659       1.22482    0.00398936    -0.0501135      0.998736      0.717371
     0.999947   -0.00931544   -0.00440301     -0.205016    0.00946463      0.999336     0.0351734       1.23445    0.00407244    -0.0352132      0.999372      0.505742
     0.999944   -0.00947024   -0.00465249      -0.18868    0.00963973      0.999236     0.0378703       1.20641     0.0042903     -0.037913      0.999272      0.500633
     0.999944   -0.00938879   -0.00485481     -0.195344    0.00956382      0.999255     0.0373824       1.26992    0.00450022    -0.0374268      0.999289      0.452855
     0.999949    -0.0087986   -0.00499767     -0.196089    0.00896281      0.999387     0.0338451       1.18975    0.00469682    -0.0338881      0.999415       0.38811
     0.999948   -0.00909521   -0.00469756     -0.183635    0.00924854      0.999388     0.0337217       1.25011    0.00438798    -0.0337634       0.99942       0.39072
     0.999948   -0.00907194   -0.00475508     -0.174557    0.00922638      0.999395       0.03353       1.19254    0.00444802    -0.0335721      0.999426      0.363408
     0.999947   -0.00905852    -0.0048045     -0.160257    0.00921189      0.999415     0.0329221       1.21937    0.00450347    -0.0329647      0.999446       0.37594
     0.999948   -0.00896292   -0.00490237     -0.169102    0.00911984      0.999414     0.0329842       1.20022    0.00460386    -0.0330272      0.999444      0.332761
     0.999947   -0.00914128   -0.00479585     -0.163643    0.00929187      0.999433     0.0323779       1.22981    0.00449715    -0.0324207      0.999464      0.353875
     0.999947   -0.00913679   -0.00479623     -0.164493    0.00928997      0.999414     0.0329523       1.22489    0.00449234    -0.0329951      0.999445      0.297194
     0.999945   -0.00922126   -0.00499907     -0.175352    0.00937328      0.999466     0.0312902       1.23938    0.00470786    -0.0313353      0.999498      0.305214
     0.999946   -0.00913971   -0.00491722     -0.171944    0.00928453      0.999498     0.0302833        1.2035    0.00463797    -0.0303273      0.999529      0.230415
     0.999943    -0.0095181   -0.00491069     -0.152676    0.00966426      0.999483     0.0306538       1.20241    0.00461639    -0.0306995      0.999518      0.265029
     0.999943   -0.00926077   -0.00527227     -0.176244    0.00941846      0.999484     0.0307138        1.2428    0.00498511    -0.0307617      0.999514      0.264592
     0.999923   -0.00844298   -0.00910396      -0.19731    0.00880186      0.999156      0.040128       1.29122    0.00875747    -0.0402051      0.999153      0.516668
      0.99994   -0.00531866   -0.00962689     -0.487709    0.00575824      0.998914     0.0462248       1.37133    0.00937059    -0.0462775      0.998885      0.550054
     0.999947   -0.00685571   -0.00773933     -0.368185    0.00717489      0.999092     0.0419968       1.37918    0.00744439    -0.0420501      0.999088      0.374494
     0.999944   -0.00772187   -0.00729363     -0.345814    0.00801073       0.99915     0.0404431       1.36441    0.00697513    -0.0404993      0.999155      0.358103
     0.999947   -0.00709306     -0.007483      -0.32971    0.00735101      0.999359     0.0350264        1.3167    0.00722976    -0.0350795      0.999358      0.291774
     0.999954    -0.0062727   -0.00722185     -0.301652     0.0064931      0.999501     0.0309121       1.24712    0.00702435    -0.0309575      0.999496      0.238346
     0.999949   -0.00673506   -0.00754735       -0.3109    0.00697062      0.999475     0.0316313       1.35573    0.00733035    -0.0316823      0.999471      0.173238
     0.999948   -0.00682782   -0.00761155     -0.306268     0.0070718      0.999447     0.0325023       1.29206    0.00738542    -0.0325545      0.999443      0.186684
     0.999946   -0.00697708   -0.00775378     -0.311555    0.00722255      0.999459     0.0320946       1.35272    0.00752566    -0.0321488      0.999455      0.191458
     0.999948   -0.00679535   -0.00764244     -0.301739    0.00703978      0.999449     0.0324254       1.29129    0.00741789    -0.0324775      0.999445       0.16825
     0.999947   -0.00699693   -0.00758808     -0.317283    0.00723509      0.999467     0.0318269        1.3633    0.00736135    -0.0318801      0.999465      0.137175
     0.999946   -0.00681752   -0.00789656     -0.310963    0.00707702       0.99942     0.0333144       1.30935    0.00766486    -0.0333685      0.999414      0.136764
     0.999945    -0.0069902   -0.00780107     -0.319861     0.0072506        0.9994     0.0338659       1.39775    0.00755966    -0.0339206      0.999396        0.1426
     0.999944   -0.00688583   -0.00798532     -0.310207    0.00715658      0.999383      0.034388       1.33422    0.00774361    -0.0344433      0.999377      0.157232
     0.999943   -0.00685201   -0.00818171     -0.333874    0.00712646      0.999396     0.0340004       1.41327     0.0079438    -0.0340568      0.999388     0.0967701
     0.999941   -0.00710493   -0.00817881     -0.333205    0.00738081      0.999387     0.0342109       1.34706    0.00793073    -0.0342692      0.999381        0.1259
     0.999939   -0.00696461    -0.0086029     -0.336142     0.0072639      0.999352     0.0352619       1.39197    0.00835174    -0.0353222      0.999341     0.0963742
     0.999938   -0.00703343   -0.00861306      -0.34025    0.00733717      0.999334      0.035757       1.40858    0.00835583     -0.035818      0.999323      0.122362
     0.999937   -0.00704906   -0.00876783     -0.345278    0.00735748      0.999337     0.0356561       1.40453    0.00851067    -0.0357184      0.999326      0.121703
     0.999942    -0.0069277   -0.00828831     -0.322146    0.00721397       0.99936     0.0350225       1.37997    0.00804038    -0.0350803      0.999352      0.179208
     0.999927   -0.00693894   -0.00989522     -0.426731    0.00724147      0.999497     0.0308734       1.19393    0.00967602    -0.0309428      0.999474    -0.0329905
     0.999871    0.00736291    -0.0143013     -0.647975    -0.0068179      0.999262     0.0377906       1.05379      0.014569    -0.0376883      0.999183      0.682514
      0.99994  -0.000636903    -0.0109677     -0.521216    0.00105815       0.99926     0.0384446       1.01127     0.0109351    -0.0384539      0.999201      0.754093
     0.999937   -0.00232053    -0.0110209     -0.561217    0.00272872      0.999305     0.0371685       1.28509      0.010927    -0.0371962      0.999248      0.557508
     0.999935   -0.00261087    -0.0110585     -0.543827    0.00303005      0.999271     0.0380602       1.15215     0.0109511    -0.0380913      0.999214      0.575873
     0.999932   -0.00301811    -0.0112677     -0.554286     0.0034441      0.999273     0.0379809       1.30525     0.0111449    -0.0380171      0.999215       0.47806
     0.999937   -0.00300673    -0.0107825     -0.520732    0.00341801      0.999259     0.0383306       1.20714     0.0106592     -0.038365      0.999207      0.494644
     0.999936   -0.00328914    -0.0108027     -0.500162    0.00371652      0.999201     0.0397838       1.24845     0.0106632    -0.0398214       0.99915       0.44048
     0.999938   -0.00363714    -0.0105584      -0.51701    0.00403512      0.999273     0.0379203       1.26406     0.0104128    -0.0379606      0.999225      0.485139
     0.999934   -0.00383071    -0.0108566     -0.527308     0.0042678      0.999169     0.0405277       1.26717     0.0106923    -0.0405713      0.999119      0.412048
     0.999937    -0.0038997    -0.0105008     -0.537142     0.0043218      0.999171     0.0404789       1.30854     0.0103343    -0.0405218      0.999125      0.389835
     0.999935   -0.00384559    -0.0106896     -0.529413    0.00427521      0.999172     0.0404631       1.31366     0.0105252    -0.0405062      0.999124      0.312341
      0.99994   -0.00394406    -0.0102094     -0.527047    0.00434717      0.999199     0.0397681       1.31285     0.0100444    -0.0398101      0.999157      0.347417
     0.999936   -0.00399567    -0.0105928      -0.54421    0.00442318      0.999164      0.040647       1.32398     0.0104216    -0.0406912      0.999117      0.342075
     0.999937   -0.00393191    -0.0105335     -0.539025    0.00435857      0.999158     0.0407933       1.30333     0.0103642    -0.0408366      0.999112      0.371232
     0.999933     -0.003972    -0.0109117     -0.562148    0.00441996      0.999135     0.0413409       1.34732     0.0107381    -0.0413863      0.999086      0.324057
     0.999936   -0.00386031    -0.0106237     -0.517843    0.00429221      0.999153     0.0409364       1.29052     0.0104567    -0.0409794      0.999105      0.351447
     0.999932   -0.00394262    -0.0109887     -0.557103    0.00439706      0.999123     0.0416422       1.36576     0.0108148    -0.0416877      0.999072      0.291228
     0.999932    -0.0038595    -0.0110166     -0.526917    0.00433137       0.99906     0.0431353       1.32497     0.0108397    -0.0431801      0.999008      0.355702
      0.99993   -0.00401982    -0.0111271     -0.571687     0.0044803      0.999121     0.0416733       1.38534     0.0109498    -0.0417202      0.999069       0.33095
     0.999933   -0.00396581    -0.0108618      -0.54322    0.00440945      0.999144     0.0411295       1.32773     0.0106894    -0.0411747      0.999095      0.348982
     0.999928   -0.00407014    -0.0112779     -0.592093    0.00452402      0.999169     0.0405164       1.39467     0.0111036    -0.0405645      0.999115      0.252383
     0.999932   -0.00406008    -0.0109354     -0.587452    0.00449472      0.999189     0.0400188       1.31292     0.0107641    -0.0400652      0.999139       0.31749
     0.999931   -0.00411703    -0.0110132     -0.591691    0.00455246      0.999197     0.0398097       1.36295     0.0108404     -0.039857      0.999147       0.27605
     0.999931   -0.00399919    -0.0110152     -0.572918    0.00444554      0.999157        0.0408       1.33426     0.0108427    -0.0408461      0.999107      0.330732
     0.999929   -0.00392409    -0.0112774     -0.581847    0.00438814      0.999132     0.0414226       1.38048     0.0111051    -0.0414691      0.999078      0.352339
     0.999925   -0.00726941   -0.00981943     -0.594615    0.00777453      0.998595     0.0524221       1.23825    0.00942455    -0.0524945      0.998577      0.864927
      0.99992   -0.00726274    -0.0103173      -0.65337    0.00778153       0.99866     0.0511678       1.45105    0.00993184    -0.0512441      0.998637      0.635083
     0.999933   -0.00713055   -0.00911998     -0.645928    0.00754651      0.998894     0.0464192       1.40006     0.0087789    -0.0464849       0.99888      0.626401
     0.999934   -0.00650923    -0.0094697     -0.638822    0.00695224      0.998846     0.0475272       1.37859     0.0091494    -0.0475899      0.998825      0.524319
     0.999932    -0.0068032   -0.00944032     -0.669185    0.00723263      0.998905      0.046227       1.46046    0.00911549    -0.0462922      0.998886      0.486534
     0.999929   -0.00674752   -0.00980662     -0.668808    0.00720523      0.998849     0.0474127       1.38219    0.00947542      -0.04748      0.998827      0.465479
     0.999931   -0.00672351   -0.00959961     -0.657409    0.00716231      0.998896     0.0464317       1.41193    0.00927683    -0.0464973      0.998875      0.507735
     0.999917   -0.00217509    -0.0127124     -0.683512    0.00268867      0.999175     0.0405237       1.31847     0.0126138    -0.0405545      0.999098       0.49057
     0.999923    -0.0122919   -0.00148349     -0.227682      0.012338      0.999251      0.036669       1.30205    0.00103165    -0.0366845      0.999326       0.49128
     0.999961   -0.00792933   -0.00398865     -0.313333    0.00806729      0.999325     0.0358498       1.27415    0.00370169    -0.0358805      0.999349      0.441518
     0.999958   -0.00780664   -0.00474821     -0.336851    0.00798228      0.999239     0.0381695       1.31524    0.00444662    -0.0382058       0.99926      0.380141
     0.999956   -0.00809694   -0.00478581     -0.356252    0.00827542      0.999223     0.0385309       1.36406    0.00447011    -0.0385688      0.999246      0.392594
     0.999956   -0.00782336   -0.00525387     -0.346517    0.00801887      0.999235     0.0382851        1.3325    0.00495033    -0.0383255      0.999253      0.460178
     0.999953   -0.00750824   -0.00606819     -0.399389     0.0078003      0.998737     0.0496324       1.22493    0.00568788    -0.0496774      0.998749      0.889844
     0.999951   -0.00754565   -0.00634948      -0.40752    0.00784482      0.998793     0.0484916       1.40329    0.00597591     -0.048539      0.998803      0.699353
     0.999948    -0.0076329    -0.0067583      -0.40328    0.00794254      0.998861     0.0470418       1.31519    0.00639154     -0.047093       0.99887      0.685204
     0.999948   -0.00757119   -0.00687724     -0.428524    0.00788791      0.998852     0.0472577       1.38258    0.00651155    -0.0473095      0.998859      0.615569
     0.999946    -0.0074716   -0.00718371     -0.428552     0.0078078      0.998818     0.0479713       1.34924     0.0068168    -0.0480248      0.998823      0.607756
     0.999947   -0.00752897    -0.0070319     -0.428318    0.00785054       0.99887     0.0468808        1.4056    0.00667099    -0.0469335      0.998876      0.566709
