# 3dvolreg matrices (DICOM-to-DICOM, row-by-row):
            1             0             0            -0             0             1             0            -0             0             0             1            -0
     0.999999    0.00103509   0.000212472    -0.0616851   -0.00103493      0.999999  -0.000765902    -0.0980108  -0.000213264   0.000765681             1     -0.424398
            1   0.000931882   0.000249994    -0.0591261  -0.000931657      0.999999  -0.000897373     -0.131876   -0.00025083   0.000897139             1     -0.505163
            1   0.000807387   0.000398072    -0.0661738  -0.000806814      0.999999   -0.00143886     -0.144635  -0.000399234    0.00143854      0.999999     -0.569118
     0.999999   0.000959018   0.000359554    -0.0686637  -0.000958694      0.999999  -0.000899065     -0.135771  -0.000360416   0.000898719             1     -0.533351
            1   0.000908923   0.000416223    -0.0640097  -0.000908374      0.999999   -0.00131787     -0.150213   -0.00041742    0.00131749      0.999999     -0.564506
     0.999999    0.00101018   0.000222085     -0.049381   -0.00100992      0.999999   -0.00115755     -0.143703  -0.000223254    0.00115732      0.999999     -0.563004
            1   0.000825579   0.000196662    -0.0496465  -0.000825289      0.999999   -0.00146643     -0.173864  -0.000197873    0.00146627      0.999999     -0.584463
     0.999999   0.000993749   0.000144683    -0.0484954  -0.000993606      0.999999  -0.000989081     -0.167362  -0.000145666   0.000988937             1     -0.547273
     0.999999     0.0011576  -0.000117177    -0.0628843   -0.00115768      0.999999  -0.000705931      -0.17011    0.00011636   0.000706066             1     -0.537051
     0.999999    0.00124395  -0.000239988    -0.0769134   -0.00124407      0.999999  -0.000473392     -0.170436   0.000239399    0.00047369             1     -0.527446
     0.999999    0.00125417  -0.000224457    -0.0834642   -0.00125438      0.999999  -0.000922695     -0.174129     0.0002233   0.000922976             1     -0.558937
     0.999999    0.00135328  -0.000210082    -0.0927015   -0.00135344      0.999999  -0.000718828     -0.155593   0.000209109   0.000719112             1     -0.545584
     0.999999    0.00137496  -0.000231598     -0.110393   -0.00137525      0.999998   -0.00126257     -0.168564   0.000229861    0.00126289      0.999999     -0.590665
     0.999999    0.00112231  -0.000265949     -0.125865   -0.00112246      0.999999  -0.000531531     -0.168182   0.000265352   0.000531829             1      -0.55999
            1    0.00088326  -0.000355141     -0.165115  -0.000883622      0.999999   -0.00102024     -0.192457    0.00035424    0.00102056      0.999999     -0.624269
            1    0.00092782  -0.000320788     -0.146292  -0.000928019      0.999999  -0.000619125     -0.170166   0.000320214   0.000619423             1     -0.583284
            1   0.000671587   -0.00030427     -0.129015  -0.000671842      0.999999  -0.000838987     -0.185542   0.000303707   0.000839191             1     -0.601947
            1   0.000658104  -0.000245063     -0.118009   -0.00065832      0.999999  -0.000883538     -0.183742   0.000244481   0.000883699             1     -0.604266
            1   0.000869121  -0.000165619     -0.121502  -0.000869285      0.999999   -0.00098981     -0.191893   0.000164759   0.000989953      0.999999     -0.629809
            1   0.000924585   -0.00034637     -0.130189  -0.000924943      0.999999   -0.00103731     -0.196934    0.00034541    0.00103763      0.999999     -0.632158
     0.999999   0.000893765  -0.000483427     -0.129996   -0.00089427      0.999999   -0.00104433     -0.198476   0.000482493    0.00104476      0.999999     -0.629772
            1   0.000809081  -0.000475841     -0.136639  -0.000809703      0.999999   -0.00130968     -0.203317   0.000474781    0.00131007      0.999999      -0.66319
            1   0.000743126   -0.00056312      -0.14532  -0.000743963      0.999999   -0.00148756     -0.209355   0.000562013    0.00148798      0.999999     -0.691736
            1   0.000546455  -0.000566197      -0.13906  -0.000547311      0.999999   -0.00151139     -0.219049    0.00056537     0.0015117      0.999999     -0.674583
            1   0.000719604  -0.000657949     -0.135106  -0.000720359      0.999999   -0.00114758     -0.198606   0.000657122    0.00114805      0.999999     -0.649313
     0.999999   0.000984316  -0.000651105     -0.133568  -0.000985136      0.999999   -0.00126085     -0.207008   0.000649863    0.00126149      0.999999     -0.676506
     0.999999    0.00115841  -0.000809118     -0.135978   -0.00115965      0.999998   -0.00153054     -0.206661   0.000807344    0.00153148      0.999999     -0.694743
     0.999999     0.0010934  -0.000641738      -0.14107   -0.00109439      0.999998   -0.00154949      -0.22257   0.000640043    0.00155019      0.999999      -0.67106
     0.999999    0.00134612  -0.000508773     -0.145177   -0.00134654      0.999999  -0.000817959     -0.189264   0.000507672   0.000818644             1     -0.623409
     0.999999    0.00115159  -0.000346311     -0.172406   -0.00115212      0.999998   -0.00155688     -0.206219   0.000344517    0.00155728      0.999999     -0.676536
     0.999999   0.000987283  -0.000403992     -0.166648  -0.000987622      0.999999  -0.000840856     -0.205267   0.000403161   0.000841255             1     -0.663725
     0.999999   0.000985465  -0.000419712     -0.170269  -0.000985898      0.999999   -0.00103281     -0.217338   0.000418693    0.00103322      0.999999     -0.658138
     0.999999   0.000988031  -0.000433888      -0.16565  -0.000988649      0.999998   -0.00142778      -0.21877   0.000432477    0.00142821      0.999999     -0.674735
     0.999999     0.0014764  -0.000259884     -0.166445   -0.00147673      0.999998   -0.00127144     -0.199039   0.000258007    0.00127182      0.999999     -0.655664
     0.999999    0.00123082   -0.00028136     -0.162731   -0.00123128      0.999998   -0.00165127     -0.209644   0.000279327    0.00165162      0.999999     -0.680157
     0.999999     0.0013313   -0.00043781     -0.154009   -0.00133196      0.999998   -0.00151037     -0.196686   0.000435798    0.00151095      0.999999     -0.659238
     0.999999    0.00114894  -0.000345583     -0.155497    -0.0011495      0.999998   -0.00160961     -0.205399   0.000343733    0.00161001      0.999999     -0.675135
     0.999999    0.00101709  -0.000316616     -0.130933   -0.00101754      0.999998   -0.00144171     -0.197209   0.000315149    0.00144203      0.999999     -0.657928
     0.999999    0.00107633  -0.000356303     -0.133942   -0.00107694      0.999998   -0.00171316     -0.209576   0.000354459    0.00171354      0.999998     -0.664903
     0.999999    0.00095668   -0.00062888      -0.13875  -0.000957625      0.999998   -0.00150333     -0.216314   0.000627441    0.00150393      0.999999     -0.643974
            1   0.000742796  -0.000429412     -0.142951  -0.000743583      0.999998   -0.00183687     -0.239079   0.000428047    0.00183718      0.999998     -0.684206
            1   0.000887194  -0.000231311     -0.121797  -0.000887519      0.999999   -0.00140712     -0.227573   0.000230063    0.00140732      0.999999     -0.657325
     0.999999    0.00125876   -0.00018149     -0.150583   -0.00125916      0.999997   -0.00220177      -0.22889   0.000178718    0.00220199      0.999998     -0.690381
     0.999999    0.00153778  -0.000443377     -0.157144   -0.00153851      0.999997   -0.00166881      -0.21187   0.000440809    0.00166949      0.999999     -0.665098
     0.999999    0.00142282  -0.000322024     -0.121949   -0.00142338      0.999997   -0.00176743     -0.194521   0.000319509    0.00176789      0.999998      -0.64993
     0.999999    0.00156008  -0.000364247     -0.129111   -0.00156067      0.999997   -0.00162145     -0.203918   0.000361717    0.00162202      0.999999     -0.652448
     0.999999    0.00126488  -0.000252399     -0.159379   -0.00126523      0.999998   -0.00140842     -0.196799   0.000250618    0.00140874      0.999999     -0.658564
     0.999999    0.00099241  -0.000274882     -0.154699  -0.000992786      0.999999   -0.00137176     -0.215192   0.000273521    0.00137203      0.999999     -0.648546
     0.999999    0.00108663  -0.000492396     -0.138499    -0.0010872      0.999999   -0.00115324     -0.201118   0.000491142    0.00115377      0.999999     -0.626855
     0.999999    0.00112508  -0.000443314     -0.147512   -0.00112573      0.999998   -0.00145568     -0.218934   0.000441675    0.00145618      0.999999     -0.640959
     0.999999    0.00107261  -0.000451432     -0.139676   -0.00107315      0.999999   -0.00119945     -0.211023   0.000450145    0.00119993      0.999999     -0.633292
            1   0.000922601  -0.000344726      -0.15567  -0.000923136      0.999998   -0.00155583     -0.220067    0.00034329    0.00155614      0.999999     -0.649764
     0.999999   0.000976036  -0.000235692     -0.142442  -0.000976293      0.999999   -0.00109331     -0.196658   0.000234624    0.00109354      0.999999     -0.622785
            1   0.000902604  -0.000241361     -0.150342   -0.00090294      0.999999   -0.00139647     -0.214924     0.0002401    0.00139669      0.999999     -0.643362
     0.999999    0.00106293  -0.000362798     -0.149376   -0.00106336      0.999999   -0.00119134     -0.219311   0.000361531    0.00119172      0.999999     -0.640735
     0.999999    0.00098172  -0.000267375     -0.151746  -0.000982064      0.999999   -0.00128843     -0.245791   0.000266109    0.00128869      0.999999     -0.651417
            1   0.000963555  -0.000222686     -0.145732  -0.000963895      0.999998   -0.00153005     -0.265977   0.000221212    0.00153027      0.999999     -0.663021
     0.999999   0.000919606  -0.000393781     -0.148203  -0.000920027      0.999999   -0.00107039      -0.25728   0.000392796    0.00107075      0.999999     -0.633811
     0.999999    0.00107676  -0.000173102     -0.160668   -0.00107708      0.999998   -0.00187654     -0.274295   0.000171081    0.00187672      0.999998     -0.685981
     0.999999    0.00118317   -0.00025845     -0.155158   -0.00118358      0.999998   -0.00156145     -0.253923   0.000256602    0.00156175      0.999999     -0.670881
     0.999999    0.00109427  -0.000145962     -0.164865   -0.00109457      0.999997   -0.00205092     -0.259843   0.000143717    0.00205108      0.999998     -0.712882
     0.999999    0.00112352    -0.0003085     -0.166113   -0.00112399      0.999998   -0.00151031     -0.234738   0.000306803    0.00151066      0.999999     -0.679116
            1   0.000739654   -0.00030775     -0.170089  -0.000740071      0.999999   -0.00135448     -0.236894   0.000306748     0.0013547      0.999999       -0.6635
            1   0.000551915   -0.00010478     -0.189524   -0.00055206      0.999999    -0.0013924     -0.246755   0.000104011    0.00139246      0.999999     -0.661128
            1   0.000606402  -8.73778e-05     -0.179107  -0.000606522      0.999999   -0.00137388     -0.235295   8.65446e-05    0.00137393      0.999999     -0.669939
            1   0.000903942  -1.89144e-05     -0.162179  -0.000903973      0.999998   -0.00173375     -0.256767   1.73472e-05    0.00173377      0.999998      -0.67374
     0.999999    0.00105345   7.82259e-05     -0.143457   -0.00105331      0.999998   -0.00175128     -0.265988  -8.00707e-05     0.0017512      0.999998     -0.688614
            1   0.000992976  -3.27654e-05     -0.157613  -0.000993028      0.999998   -0.00164065      -0.25508   3.11362e-05    0.00164068      0.999999     -0.683982
            1   0.000969611   -4.7999e-05      -0.16482  -0.000969706      0.999997    -0.0020332     -0.273105   4.60275e-05    0.00203325      0.999998     -0.714131
            1   0.000564325   6.58371e-05     -0.181534  -0.000564204      0.999998   -0.00182356     -0.278384  -6.68661e-05    0.00182352      0.999998      -0.71797
            1   0.000431918   3.66546e-06     -0.194897  -0.000431909      0.999997   -0.00220963     -0.307489  -4.61983e-06    0.00220963      0.999998     -0.764665
            1   0.000576393  -3.69237e-05     -0.186421  -0.000576462      0.999998   -0.00188827     -0.296681   3.58352e-05    0.00188829      0.999998     -0.736904
            1   0.000541301  -2.03755e-05     -0.161067  -0.000541339      0.999998   -0.00192739     -0.313903   1.93322e-05     0.0019274      0.999998     -0.728429
            1   0.000700947  -1.83118e-05     -0.153203  -0.000700977      0.999998   -0.00169553     -0.310673   1.71233e-05    0.00169554      0.999999     -0.722113
            1   0.000857323   0.000178457     -0.142434   -0.00085707      0.999999   -0.00141398     -0.295578  -0.000179669    0.00141383      0.999999     -0.709923
            1   0.000912167   0.000105304      -0.16807  -0.000911978      0.999998   -0.00177879     -0.305956  -0.000106926     0.0017787      0.999998     -0.727652
            1   0.000972606   0.000108751     -0.168694    -0.0009724      0.999998   -0.00187142      -0.30377  -0.000110571    0.00187131      0.999998     -0.726225
            1   0.000821625   0.000423988      -0.13607   -0.00082069      0.999997   -0.00220212     -0.315353  -0.000425796    0.00220177      0.999997     -0.749097
            1   0.000658823   0.000269352     -0.130316  -0.000658431      0.999999   -0.00145096     -0.294682  -0.000270308    0.00145078      0.999999     -0.715795
            1   0.000919077   0.000227304       -0.1501  -0.000918586      0.999997   -0.00215015      -0.30587  -0.000229279    0.00214994      0.999998     -0.739986
            1   0.000552311   0.000245093       -0.1137  -0.000551758      0.999997   -0.00225239     -0.320873  -0.000246337    0.00225226      0.999997     -0.735616
            1   0.000582692   0.000147287     -0.104938  -0.000582384      0.999998   -0.00208452     -0.313877  -0.000148501    0.00208444      0.999998     -0.722202
            1   0.000715423   0.000351882      -0.10207  -0.000714514      0.999996   -0.00257847     -0.331063  -0.000353725    0.00257822      0.999997     -0.755045
            1   0.000804954     0.0003414     -0.113903  -0.000804216      0.999997   -0.00215411     -0.308893  -0.000343133    0.00215383      0.999998     -0.736329
            1   0.000842085   0.000417565     -0.133614  -0.000840941      0.999996   -0.00273155     -0.311301  -0.000419864     0.0027312      0.999996     -0.761361
            1   0.000866869   0.000182209     -0.146041  -0.000866408      0.999996    -0.0025173     -0.303268   -0.00018439    0.00251714      0.999997     -0.745768
            1   0.000803695   0.000290052     -0.148636   -0.00080291      0.999996   -0.00269697     -0.319521  -0.000292218    0.00269674      0.999996      -0.75773
            1    0.00071078   0.000232197     -0.140734  -0.000710239      0.999997   -0.00232171     -0.318432  -0.000233846    0.00232154      0.999997     -0.737532
            1   0.000766199   0.000279756     -0.128597   -0.00076555      0.999997   -0.00231319     -0.313553  -0.000281527    0.00231298      0.999997     -0.724741
            1    0.00067057   0.000282968     -0.119565  -0.000669982      0.999998   -0.00207041      -0.31703  -0.000284356    0.00207022      0.999998     -0.715747
            1   0.000856255   0.000366499     -0.142556  -0.000855149      0.999995   -0.00300676     -0.331209  -0.000369072    0.00300645      0.999995     -0.771295
            1   0.000876223   0.000193719     -0.150155  -0.000875734      0.999996   -0.00250557     -0.317391  -0.000195914     0.0025054      0.999997     -0.744297
            1   0.000784379   0.000260781     -0.144752  -0.000783661      0.999996   -0.00274383     -0.321716  -0.000262932    0.00274362      0.999996     -0.747508
            1   0.000789374    0.00034079     -0.149737  -0.000788486      0.999996   -0.00259955     -0.317834  -0.000342841    0.00259928      0.999997     -0.761634
            1   0.000914818   0.000299627     -0.149713  -0.000914074      0.999997   -0.00247229     -0.318313  -0.000301888    0.00247201      0.999997      -0.75664
     0.999999   0.000991487   0.000435822     -0.172214  -0.000990248      0.999995   -0.00283315     -0.339698  -0.000438629    0.00283272      0.999996     -0.787286
            1   0.000835317   0.000354348     -0.172042  -0.000834414      0.999996   -0.00254054     -0.328963  -0.000356469    0.00254024      0.999997     -0.764692
     0.999999   0.000976949   0.000444858     -0.138929  -0.000975696      0.999996   -0.00280835     -0.343712  -0.000447599    0.00280792      0.999996     -0.762704
     0.999999     0.0011597  -2.70943e-05     -0.162077   -0.00115976      0.999996   -0.00248201     -0.343252   2.42158e-05    0.00248204      0.999997      -0.75575
     0.999999    0.00109802   4.89529e-06     -0.168583   -0.00109801      0.999996   -0.00262333     -0.342669  -7.77575e-06    0.00262332      0.999997     -0.775007
     0.999999    0.00118005   0.000100499     -0.164743   -0.00117976      0.999995   -0.00286229     -0.348902  -0.000103876    0.00286217      0.999996     -0.791073
     0.999999    0.00102363   0.000316325     -0.171138   -0.00102251      0.999993   -0.00352033     -0.368868  -0.000319927       0.00352      0.999994      -0.82898
     0.999999    0.00100685   0.000397873     -0.167008   -0.00100556      0.999994   -0.00322401     -0.362347  -0.000401116    0.00322361      0.999995      -0.81404
     0.999999   0.000967748   0.000433509     -0.158579  -0.000966443      0.999995    -0.0030002     -0.347773   -0.00043641    0.00299978      0.999995     -0.793025
     0.999999     0.0011135   0.000349142     -0.167589   -0.00111238      0.999994   -0.00318972     -0.362691  -0.000352691    0.00318933      0.999995     -0.814444
     0.999999    0.00138689   0.000314688      -0.17171   -0.00138588      0.999994   -0.00319786     -0.362439  -0.000319121    0.00319742      0.999995     -0.808296
     0.999999    0.00136257   0.000351952     -0.169412   -0.00136139      0.999994   -0.00332829     -0.375076  -0.000356485    0.00332781      0.999994     -0.815631
     0.999999    0.00124767   0.000237108     -0.168972   -0.00124689      0.999994   -0.00328442     -0.368966  -0.000241205    0.00328413      0.999995     -0.805223
     0.999999    0.00127754   0.000142693     -0.169632   -0.00127708      0.999994   -0.00317568     -0.365731  -0.000146749     0.0031755      0.999995     -0.802046
     0.999999    0.00122442   0.000188698     -0.172199   -0.00122382      0.999994   -0.00312369     -0.366084  -0.000192522    0.00312345      0.999995     -0.794258
     0.999999    0.00125535   0.000156005     -0.181524    -0.0012548      0.999993   -0.00348935     -0.381925  -0.000160384    0.00348915      0.999994     -0.840176
     0.999999    0.00114591  -2.33765e-05       -0.1759   -0.00114599      0.999994   -0.00333136     -0.376545   1.95589e-05    0.00333139      0.999994     -0.827515
     0.999999    0.00111958  -0.000110159     -0.172192   -0.00111991      0.999995   -0.00309018     -0.365278   0.000106699     0.0030903      0.999995     -0.780329
     0.999999    0.00132785   -9.7811e-07     -0.134792   -0.00132785      0.999996   -0.00266108     -0.360645  -2.55542e-06    0.00266108      0.999996     -0.762825
     0.999999    0.00126223   0.000250144     -0.128176   -0.00126136      0.999993   -0.00345907     -0.385502  -0.000254508    0.00345876      0.999994     -0.824045
     0.999999    0.00130145    3.0705e-05     -0.128959   -0.00130136      0.999995   -0.00287962     -0.372639  -3.44525e-05    0.00287958      0.999996     -0.793878
     0.999999    0.00125583  -3.74328e-06     -0.134251   -0.00125583      0.999995   -0.00297167      -0.39415   1.13457e-08    0.00297168      0.999996     -0.813793
     0.999999    0.00114177  -5.97613e-05     -0.125426   -0.00114198      0.999993   -0.00364625     -0.427336   5.55977e-05    0.00364632      0.999993     -0.826409
     0.999999    0.00111886   1.26146e-05       -0.1006   -0.00111881      0.999995   -0.00308121     -0.412385   -1.6062e-05     0.0030812      0.999995     -0.803964
     0.999999    0.00135748   0.000156166     -0.109521   -0.00135697      0.999994   -0.00320538     -0.417045  -0.000160516    0.00320516      0.999995     -0.836442
     0.999999    0.00114129   0.000295715     -0.113824   -0.00114014      0.999992   -0.00385019     -0.443726  -0.000300106    0.00384985      0.999993     -0.864203
     0.999999    0.00103924    3.8951e-05    -0.0994991   -0.00103912      0.999995   -0.00306285     -0.423755  -4.21339e-05     0.0030628      0.999995     -0.817046
     0.999999    0.00114365   0.000119075     -0.109037   -0.00114321      0.999993   -0.00363453     -0.437507   -0.00012323    0.00363439      0.999993     -0.860229
     0.999999     0.0013123   4.52502e-05     -0.106179   -0.00131213      0.999993   -0.00353205     -0.424609   -4.9885e-05    0.00353199      0.999994     -0.855715
     0.999999    0.00137202   0.000145058     -0.115898   -0.00137142      0.999991   -0.00403849     -0.431952  -0.000150598    0.00403829      0.999992     -0.885558
     0.999999    0.00137967   0.000110746     -0.108844   -0.00137925      0.999992   -0.00372305     -0.413995  -0.000115882    0.00372289      0.999993     -0.864009
     0.999999     0.0011749    0.00015831     -0.135151   -0.00117427      0.999992   -0.00390104     -0.436962  -0.000162892    0.00390085      0.999992     -0.894099
     0.999999    0.00128618   0.000412925     -0.132619   -0.00128464      0.999992   -0.00373001     -0.436418   -0.00041772    0.00372948      0.999993     -0.866405
     0.999999    0.00108758   0.000138688     -0.148303     -0.001087      0.999991   -0.00409073     -0.442096  -0.000143136    0.00409058      0.999992     -0.879468
     0.999999    0.00134503   0.000100334     -0.129429   -0.00134464      0.999992   -0.00374352      -0.41536  -0.000105368    0.00374338      0.999993      -0.84479
     0.999999    0.00127262   0.000189579     -0.137418   -0.00127182      0.999991   -0.00414479     -0.426266  -0.000194852    0.00414454      0.999991     -0.871237
     0.999999    0.00146403    0.00018229     -0.127263   -0.00146327      0.999991   -0.00407678     -0.416312  -0.000188257    0.00407651      0.999992     -0.865757
     0.999999    0.00133792   0.000278455     -0.103192   -0.00133685      0.999992   -0.00380155     -0.415958  -0.000283539    0.00380118      0.999993     -0.852933
     0.999999    0.00130368   0.000287432     -0.101874   -0.00130258      0.999992   -0.00381698     -0.422232  -0.000292405     0.0038166      0.999993      -0.86195
     0.999999    0.00131007   0.000263238     -0.112561   -0.00130889      0.999989   -0.00441381     -0.441649  -0.000269018    0.00441346       0.99999     -0.895556
     0.999999    0.00148325    0.00023653     -0.108544   -0.00148229      0.999991   -0.00402967     -0.432574  -0.000242505    0.00402931      0.999992     -0.859714
     0.999999     0.0015145   0.000298963     -0.115022   -0.00151298      0.999986   -0.00501874     -0.465825   -0.00030656    0.00501829      0.999987     -0.919307
     0.999999     0.0014636   0.000277587     -0.112572   -0.00146233      0.999989   -0.00449943     -0.445794  -0.000284169    0.00449902       0.99999     -0.881386
     0.999999     0.0013165    0.00027537     -0.110844   -0.00131515      0.999987   -0.00484022     -0.465547  -0.000281739    0.00483985      0.999988     -0.906958
     0.999999    0.00150449   0.000130737     -0.101336   -0.00150391      0.999989   -0.00437111     -0.443697  -0.000137312    0.00437091       0.99999     -0.871629
     0.999999    0.00119966   0.000138737     -0.107905   -0.00119898      0.999988   -0.00478401     -0.454745  -0.000144474    0.00478384      0.999989     -0.887537
     0.999999    0.00165844   0.000475837    -0.0491055   -0.00165638      0.999989   -0.00430248     -0.424074  -0.000482968    0.00430168      0.999991     -0.808028
     0.999999    0.00168181    0.00038956    -0.0543836   -0.00167986      0.999986   -0.00494195     -0.459016  -0.000397866    0.00494129      0.999988     -0.892299
     0.999998    0.00170551   0.000536272    -0.0485181   -0.00170308      0.999988   -0.00450606     -0.437119  -0.000543951    0.00450514       0.99999     -0.877106
     0.999999    0.00165504   0.000482869    -0.0523101   -0.00165274      0.999987    -0.0047225     -0.456747  -0.000490679    0.00472169      0.999989      -0.90445
     0.999998    0.00168554   0.000467929    -0.0509837   -0.00168334      0.999988   -0.00464477     -0.450664  -0.000475752    0.00464398      0.999989     -0.896219
     0.999998    0.00168176    0.00050853    -0.0707018   -0.00167928      0.999987   -0.00483917     -0.455375  -0.000516662    0.00483831      0.999988     -0.899901
     0.999999    0.00161117   0.000506224    -0.0735553   -0.00160878      0.999988   -0.00468605     -0.453613  -0.000513767    0.00468523      0.999989      -0.88559
     0.999998    0.00173488   0.000423935    -0.0599885   -0.00173305      0.999989   -0.00428462     -0.441094  -0.000431364    0.00428388      0.999991     -0.866873
     0.999999    0.00159585   0.000518745    -0.0632505   -0.00159326      0.999986   -0.00495766     -0.467871  -0.000526649    0.00495683      0.999988     -0.924295
     0.999999    0.00162726   0.000500908    -0.0569031   -0.00162496      0.999988   -0.00456067     -0.446758  -0.000508323    0.00455985      0.999989     -0.881865
     0.999999    0.00153938   0.000526649    -0.0645769   -0.00153688      0.999988   -0.00471164     -0.467813  -0.000533896    0.00471083      0.999989     -0.897737
     0.999999    0.00150956   0.000466259    -0.0642065   -0.00150742      0.999989   -0.00454811     -0.468719   -0.00047312     0.0045474       0.99999     -0.885742
     0.999999    0.00162007   0.000449888    -0.0691619   -0.00161792      0.999987     -0.004755     -0.470341  -0.000457586    0.00475427      0.999989     -0.890061
     0.999999     0.0014846   0.000466234    -0.0721612   -0.00148219      0.999986   -0.00514019     -0.477805  -0.000473858    0.00513949      0.999987     -0.899727
     0.999999    0.00144129   0.000410067    -0.0876281   -0.00143937      0.999988   -0.00465528     -0.456698  -0.000416772    0.00465469      0.999989     -0.875278
     0.999999    0.00134296   0.000540099    -0.0910271   -0.00134018      0.999986   -0.00511087     -0.465113  -0.000546955    0.00511014      0.999987     -0.886797
     0.999999    0.00117865   0.000535638    -0.0867565   -0.00117623      0.999989    -0.0044957      -0.46196  -0.000540931    0.00449507       0.99999     -0.873373
     0.999999    0.00110111   0.000619608    -0.0896288   -0.00109857      0.999991   -0.00407296     -0.460784  -0.000624087    0.00407228      0.999992     -0.855599
     0.999999     0.0011885   0.000506213     -0.104325   -0.00118622      0.999989   -0.00448006     -0.459844  -0.000511532    0.00447945       0.99999     -0.859149
     0.999999    0.00108179   0.000386571     -0.100778   -0.00108019      0.999991    -0.0041177     -0.448212  -0.000391022    0.00411728      0.999991     -0.844718
     0.999999    0.00108112   0.000434061    -0.0811428   -0.00107925       0.99999   -0.00429132     -0.467804  -0.000438696    0.00429084      0.999991     -0.841926
     0.999999    0.00120942   0.000431743    -0.0843082   -0.00120751       0.99999   -0.00438793     -0.480012  -0.000437045     0.0043874       0.99999     -0.877597
     0.999999    0.00133705   0.000411888     -0.084647   -0.00133526       0.99999   -0.00433845     -0.468973  -0.000417685     0.0043379      0.999991     -0.882811
     0.999999    0.00118909   0.000488367    -0.0950464   -0.00118667      0.999987    -0.0049233     -0.482565  -0.000494215    0.00492272      0.999988      -0.91372
     0.999999    0.00108275   0.000554683    -0.0956501   -0.00108021      0.999989   -0.00456031     -0.471489  -0.000559615    0.00455971      0.999989     -0.870393
            1   0.000572379   0.000608736     -0.105596  -0.000569503      0.999989   -0.00471521     -0.479956  -0.000611428    0.00471486      0.999989     -0.895102
            1   0.000529533   0.000396012     -0.100989  -0.000527938      0.999992   -0.00401828     -0.472942  -0.000398137    0.00401807      0.999992     -0.860685
            1     0.0005048   0.000178752    -0.0819586  -0.000504001       0.99999   -0.00444225     -0.491147  -0.000180992    0.00444216       0.99999     -0.864202
            1   0.000720964   3.98904e-05     -0.069248  -0.000720773      0.999989   -0.00459973     -0.490769  -4.32062e-05     0.0045997      0.999989     -0.892322
            1   0.000985866     9.955e-05     -0.081246  -0.000985398      0.999989   -0.00459082     -0.478262  -0.000104075    0.00459072      0.999989     -0.884689
            1   0.000814971  -0.000121073    -0.0976874  -0.000815557      0.999988   -0.00492698     -0.499199   0.000117056    0.00492708      0.999988     -0.906303
            1   0.000873582  -1.70115e-05    -0.0919892  -0.000873649       0.99999   -0.00443246     -0.472659   1.31392e-05    0.00443247       0.99999     -0.883109
            1   0.000760755   9.67958e-05     -0.107957  -0.000760268      0.999988   -0.00493217     -0.497128  -0.000100547     0.0049321      0.999988     -0.923242
            1   0.000548764  -1.01325e-05     -0.115338  -0.000548805      0.999989    -0.0045545     -0.486743   7.63304e-06    0.00455451       0.99999     -0.895898
            1   0.000166048   0.000228351     -0.122852  -0.000164894      0.999987   -0.00504247     -0.506147  -0.000229185    0.00504243      0.999987     -0.929226
            1   0.000292215  -8.20678e-05     -0.100739  -0.000292609      0.999988   -0.00483464     -0.504906   8.06541e-05    0.00483466      0.999988     -0.914912
            1    0.00057714   8.29716e-05    -0.0707613  -0.000576736      0.999988   -0.00479709     -0.504914  -8.57392e-05    0.00479704      0.999988     -0.892084
            1   0.000807052   3.82407e-05    -0.0745595  -0.000806857      0.999988   -0.00483043     -0.501745  -4.21386e-05     0.0048304      0.999988     -0.911913
            1   0.000958411  -0.000187091    -0.0694545   -0.00095928      0.999988   -0.00470125      -0.49012   0.000182583    0.00470142      0.999989     -0.908236
            1   0.000537372    -3.963e-06    -0.0721316  -0.000537385      0.999986   -0.00520729     -0.516504   1.16469e-06     0.0052073      0.999986     -0.921199
            1   0.000711488  -1.03117e-05    -0.0596139   -0.00071153      0.999987   -0.00497109     -0.494805   6.77465e-06     0.0049711      0.999988     -0.898415
            1   0.000396312  -0.000180405    -0.0837683  -0.000397214      0.999987   -0.00502788     -0.517096    0.00017841    0.00502795      0.999987     -0.929955
            1   0.000385829  -0.000476292     -0.101043  -0.000388093      0.999989   -0.00476269     -0.503455   0.000474449    0.00476287      0.999989     -0.912762
            1   0.000280007  -0.000423501     -0.110924  -0.000282153      0.999987   -0.00507772     -0.524657   0.000422074    0.00507783      0.999987     -0.928071
            1   0.000361133  -0.000539754    -0.0991049  -0.000363644      0.999989   -0.00465939      -0.51328   0.000538065    0.00465959      0.999989     -0.886133
            1   0.000347591  -0.000508309       -0.1167  -0.000350277      0.999986   -0.00529337     -0.528802   0.000506462    0.00529354      0.999986      -0.92787
            1   0.000558156  -0.000598182     -0.111234  -0.000560906      0.999989   -0.00460645     -0.510977   0.000595604    0.00460678      0.999989     -0.894428
            1   0.000126719  -0.000749316     -0.109771  -0.000130219      0.999989   -0.00467292     -0.513196   0.000748716    0.00467302      0.999989     -0.894643
     0.999999   -0.00114441   -0.00046702     -0.040898    0.00114223      0.999988     -0.004658     -0.522078   0.000472346    0.00465746      0.999989     -0.870219
     0.999999  -0.000411889   -0.00159097    -0.0930726   0.000403772      0.999987   -0.00509896     -0.533304    0.00159305    0.00509831      0.999986      -0.87631
     0.999999   0.000811646   -0.00146568     -0.105768  -0.000819209      0.999986   -0.00516738     -0.549579    0.00146146    0.00516858      0.999986     -0.906038
     0.999999    0.00045216   -0.00119558    -0.0891734  -0.000457898      0.999988   -0.00480385     -0.570742    0.00119339    0.00480439      0.999988     -0.896916
     0.999999   0.000210595   -0.00101233    -0.0714456  -0.000214942      0.999991   -0.00429585     -0.560133    0.00101141    0.00429606       0.99999     -0.884747
            1   0.000109819  -0.000799503    -0.0311558  -0.000113181      0.999991   -0.00420594     -0.548281   0.000799034    0.00420603      0.999991     -0.865014
     0.999999   0.000227268   -0.00105946    -0.0389164  -0.000232619      0.999987   -0.00505387      -0.55399     0.0010583    0.00505411      0.999987     -0.904682
     0.999999    0.00037024   -0.00103226    -0.0346636   -0.00037536      0.999988   -0.00496441     -0.540987    0.00103041     0.0049648      0.999987     -0.879342
     0.999999   0.000383899  -0.000941391    -0.0358607   -0.00038872      0.999987   -0.00512698     -0.544977    0.00093941    0.00512734      0.999986     -0.916328
     0.999999   0.000835734     -0.000829    -0.0351205  -0.000839991      0.999986   -0.00514803     -0.529486   0.000824686    0.00514872      0.999986     -0.905578
     0.999999   0.000763658  -0.000934335    -0.0470178  -0.000768633      0.999985   -0.00533586     -0.541522   0.000930247    0.00533658      0.999985     -0.885873
            1   0.000688539  -0.000560445    -0.0294525  -0.000691374      0.999987   -0.00507504     -0.522913   0.000556943    0.00507542      0.999987     -0.854606
     0.999999   0.000689686  -0.000891319    -0.0347754  -0.000694941      0.999982     -0.005909     -0.546862   0.000887228    0.00590962      0.999982     -0.897914
     0.999999    0.00106066  -0.000972768    -0.0257213   -0.00106586      0.999985   -0.00536488     -0.537209   0.000967064    0.00536591      0.999985     -0.861781
     0.999999   0.000900459   -0.00086411    -0.0300344  -0.000905512      0.999982   -0.00586572     -0.553397   0.000858813     0.0058665      0.999982     -0.890233
     0.999999   0.000970784  -0.000936811    -0.0329933  -0.000975965      0.999984   -0.00554588     -0.541921   0.000931412    0.00554679      0.999984     -0.862344
     0.999999    0.00073017  -0.000879427    -0.0346488  -0.000735122      0.999984    -0.0056432     -0.547668   0.000875292    0.00564384      0.999984     -0.853113
            1   0.000462943  -0.000659022    -0.0273481  -0.000466779      0.999983   -0.00583331     -0.551099    0.00065631    0.00583361      0.999983     -0.880788
            1   0.000607548  -0.000716631    -0.0604513  -0.000611772      0.999982   -0.00590802      -0.54218   0.000713029    0.00590846      0.999982     -0.875612
            1  -0.000717015  -0.000477497     -0.077976   0.000713948      0.999979   -0.00639324     -0.549325   0.000482071     0.0063929      0.999979     -0.903646
            1  -0.000261483  -0.000717076    -0.0538247   0.000257179      0.999982   -0.00599534     -0.524647   0.000718631    0.00599515      0.999982     -0.885228
            1  -2.65978e-05  -0.000802839    -0.0525796   2.14962e-05       0.99998   -0.00635377     -0.543558   0.000802992    0.00635375      0.999979     -0.894321
            1   0.000241951  -0.000776804    -0.0503361  -0.000246696      0.999981   -0.00611372     -0.534439    0.00077531    0.00611391      0.999981     -0.893252
            1    9.5141e-05  -0.000688942     -0.051143  -9.98041e-05      0.999977   -0.00677168     -0.556958   0.000688282    0.00677174      0.999977     -0.905336
            1    0.00024626  -0.000668046    -0.0398055  -0.000250497       0.99998   -0.00634973     -0.542558   0.000666468    0.00634989       0.99998     -0.887879
            1   0.000368343  -0.000754676    -0.0532726  -0.000373457      0.999977   -0.00678825     -0.553085   0.000752158    0.00678853      0.999977     -0.919711
     0.999999    0.00058927  -0.000813783    -0.0469968  -0.000594375       0.99998   -0.00628707      -0.54543   0.000810062    0.00628755       0.99998     -0.887818
            1   0.000381674  -0.000715935    -0.0580881  -0.000386439      0.999978   -0.00666788     -0.563543   0.000713374    0.00666816      0.999978     -0.907175
            1    0.00049429  -0.000834787    -0.0521917   -0.00049954       0.99998   -0.00629959     -0.552979   0.000831656        0.0063       0.99998     -0.871699
            1   0.000455892  -0.000739019    -0.0637253  -0.000460815      0.999978   -0.00667574     -0.564833   0.000735959    0.00667607      0.999977     -0.895522
     0.999999   0.000643819  -0.000823002    -0.0546197  -0.000648906      0.999981   -0.00619647     -0.542344   0.000818997      0.006197       0.99998     -0.850218
            1   0.000147071  -0.000868914    -0.0629378  -0.000152591       0.99998     -0.006356     -0.547047   0.000867961    0.00635613      0.999979      -0.85608
     0.999999   0.000475362  -0.000890675    -0.0496014  -0.000480608      0.999982   -0.00589854     -0.527705   0.000887856    0.00589897      0.999982     -0.823283
     0.999999   0.000729831  -0.000803128    -0.0509691  -0.000735039      0.999979   -0.00650317     -0.541202   0.000798364    0.00650376      0.999979     -0.855278
     0.999999   0.000833559  -0.000905528    -0.0421579  -0.000839003      0.999981   -0.00602821      -0.53224   0.000900486    0.00602897      0.999981     -0.837867
     0.999999   0.000871049   -0.00113516    -0.0645513   -0.00087844      0.999978   -0.00652703     -0.543467    0.00112945    0.00652802      0.999978     -0.872521
     0.999999   0.000980056   -0.00140004    -0.0636671  -0.000988389      0.999982    -0.0059638     -0.535118    0.00139417    0.00596517      0.999981      -0.83425
     0.999999   0.000827999   -0.00130157    -0.0740729   -0.00083664      0.999978   -0.00665248     -0.560167    0.00129603    0.00665356      0.999977     -0.872629
     0.999999    0.00108022   -0.00130228    -0.0675977   -0.00108795      0.999982   -0.00595269     -0.527733    0.00129583     0.0059541      0.999981     -0.812197
     0.999999   0.000965356   -0.00116204    -0.0722708  -0.000972302      0.999982   -0.00599256     -0.524122    0.00115623    0.00599368      0.999981     -0.809842
     0.999999    0.00110531   -0.00107929    -0.0672469   -0.00111114      0.999985   -0.00541277     -0.512817    0.00107329    0.00541396      0.999985     -0.790698
     0.999999   0.000787065  -0.000984327     -0.067863  -0.000792702      0.999983   -0.00574002     -0.534109   0.000979792    0.00574079      0.999983     -0.812197
     0.999999   0.000702702   -0.00111876    -0.0659706  -0.000708871      0.999984   -0.00552379     -0.545934    0.00111487    0.00552458      0.999984     -0.802828
     0.999999   0.000582574   -0.00111935    -0.0548496  -0.000589169      0.999982   -0.00590007     -0.564003    0.00111589    0.00590072      0.999982     -0.836773
     0.999999   0.000468972   -0.00152423    -0.0267283  -0.000479922      0.999974   -0.00719166     -0.642207    0.00152082    0.00719238      0.999973      -0.99894
     0.999999   0.000737922   -0.00143644    -0.0334201  -0.000747562      0.999977   -0.00672159      -0.62448    0.00143145    0.00672266      0.999976     -0.958904
     0.999999    0.00065441   -0.00151904    -0.0405842   -0.00066459      0.999977   -0.00671082     -0.623461    0.00151461    0.00671182      0.999976     -0.941802
