# 3dvolreg matrices (DICOM-to-DICOM, row-by-row):
            1             0             0            -0             0             1             0            -0             0             0             1            -0
            1   0.000192685  -0.000312916    -0.0255652  -0.000192714             1  -9.50705e-05    0.00579787   0.000312898   9.51308e-05             1    -0.0221881
            1   0.000216423  -0.000634265    -0.0318306  -0.000216463             1    -6.278e-05    -0.0502432   0.000634252   6.29173e-05             1    -0.0268153
            1   0.000199304  -0.000546919    -0.0301478  -0.000199139             1   0.000301033    -0.0560853   0.000546979  -0.000300924             1   -0.00580632
            1   0.000274041  -0.000539629     -0.038626  -0.000273825             1   0.000399825    -0.0237545   0.000539739  -0.000399677             1    0.00342852
            1   0.000235358  -0.000303289    -0.0160862  -0.000235256             1    0.00033672    -0.0203401   0.000303368  -0.000336648             1    -0.0183977
            1    8.7974e-05  -5.07159e-05    -0.0131921  -8.79521e-05             1   0.000431393    -0.0689576   5.07538e-05  -0.000431388             1    -0.0125032
            1   0.000171122  -0.000164372    -0.0183951  -0.000171043             1   0.000481818    -0.0283665   0.000164454   -0.00048179             1    -0.0211749
            1   0.000177383  -6.00142e-05    -0.0207878  -0.000177369             1    0.00024094    -0.0401347   6.00569e-05   -0.00024093             1    -0.0575478
            1   5.82741e-05  -0.000152083    -0.0388975  -5.81748e-05             1   0.000653008     -0.117816   0.000152121  -0.000652999             1     0.0016555
            1    0.00032869   0.000351048    -0.0282525  -0.000329106      0.999999    0.00118448    0.00122862  -0.000350659   -0.00118459      0.999999   -0.00488297
            1    0.00030227   0.000367094    -0.0397901  -0.000302899      0.999998     0.0017145    -0.0862195  -0.000366576   -0.00171461      0.999998    0.00474799
            1   0.000614035   0.000435452    -0.0476423  -0.000614913      0.999998     0.0020198   -0.00545816   -0.00043421   -0.00202007      0.999998    0.00969903
            1   0.000875852   0.000349149    -0.0614821  -0.000876507      0.999998    0.00187878    -0.0646348  -0.000347503   -0.00187909      0.999998     0.0182986
            1   0.000726033   0.000530613     -0.056089  -0.000727127      0.999998    0.00206462     -0.080901  -0.000529112   -0.00206501      0.999998     0.0566883
     0.999999    0.00098086   0.000525973    -0.0623564  -0.000981807      0.999998    0.00180239    0.00462071  -0.000524204    -0.0018029      0.999998     0.0345931
     0.999999   0.000716669   0.000766609    -0.0583613  -0.000718189      0.999998    0.00198559    -0.0387985  -0.000765184   -0.00198614      0.999998     0.0465222
     0.999999   0.000890556   0.000873709    -0.0491471  -0.000891881      0.999998    0.00151825    0.00116589  -0.000872356   -0.00151903      0.999998     0.0777137
     0.999999   0.000625029    0.00103312    -0.0383828  -0.000626753      0.999998    0.00166911    -0.0629252   -0.00103208   -0.00166975      0.999998      0.068651
     0.999999    0.00058123    0.00116722    -0.0286155  -0.000583111      0.999999    0.00161199    -0.0143931   -0.00116628   -0.00161267      0.999998     0.0626413
     0.999999   0.000574794   0.000967708    -0.0381175  -0.000576279      0.999999    0.00153533     -0.044952  -0.000966825   -0.00153588      0.999998     0.0476746
     0.999999   0.000503176   0.000940359    -0.0412215  -0.000504929      0.999998    0.00186515    -0.0426382  -0.000939418   -0.00186563      0.999998      0.054509
     0.999999   0.000569682    0.00110734    -0.0336432  -0.000571802      0.999998    0.00191521    -0.0141009   -0.00110624   -0.00191584      0.999998     0.0571117
     0.999999   0.000512146    0.00103698    -0.0273991  -0.000514382      0.999998    0.00215653    -0.0542487   -0.00103587   -0.00215706      0.999997     0.0490384
     0.999999   0.000316582    0.00112861    -0.0230654   -0.00031927      0.999997    0.00238255    -0.0695223   -0.00112785   -0.00238291      0.999997     0.0701356
     0.999999   0.000532809    0.00107426    -0.0275982  -0.000535367      0.999997    0.00238211    0.00219685   -0.00107298   -0.00238269      0.999997     0.0710843
     0.999999   0.000363824    0.00118528   -0.00838291  -0.000366531      0.999997     0.0022844    -0.0273963   -0.00118445   -0.00228483      0.999997     0.0573399
     0.999999   0.000250261    0.00130211   -0.00418569  -0.000253121      0.999998     0.0021967    -0.0486065   -0.00130155   -0.00219703      0.999997     0.0540826
     0.999999   0.000213486     0.0011469    -0.0113531  -0.000216036      0.999998    0.00222364    -0.0591747   -0.00114643   -0.00222388      0.999997     0.0412037
     0.999999   4.86717e-05    0.00107618     -0.011321  -5.15138e-05      0.999997     0.0026411    -0.0576374   -0.00107605   -0.00264115      0.999996     0.0750573
     0.999999   0.000370843    0.00095395    -0.0201535  -0.000373164      0.999997      0.002434      0.031064  -0.000953044   -0.00243435      0.999997     0.0900063
     0.999999   0.000175919    0.00111519   -0.00921581  -0.000178795      0.999997    0.00257997    -0.0161627   -0.00111474   -0.00258017      0.999996       0.07814
     0.999999   0.000173036    0.00112449   -0.00210277  -0.000175913      0.999997    0.00255923   -0.00546093   -0.00112404   -0.00255943      0.999996     0.0765824
     0.999999   0.000344356    0.00117027    -0.0137296    -0.0003471      0.999997    0.00234515     0.0397331   -0.00116946   -0.00234555      0.999997     0.0738698
     0.999999   0.000263613    0.00111485    -0.0128026  -0.000266233      0.999997     0.0023504    -0.0330319   -0.00111423    -0.0023507      0.999997     0.0728396
     0.999999   0.000285196    0.00145935     0.0002888  -0.000288222      0.999998     0.0020738   -0.00381334   -0.00145876   -0.00207422      0.999997     0.0539022
     0.999999  -4.52066e-05    0.00166663     0.0177832   4.12022e-05      0.999997    0.00240265    -0.0378606   -0.00166674   -0.00240258      0.999996     0.0514941
     0.999999   0.000126676    0.00145642    0.00734525  -0.000129433      0.999998    0.00189294     0.0264288   -0.00145618   -0.00189313      0.999997     0.0550453
     0.999999  -4.41612e-05    0.00142835    0.00845013   4.08552e-05      0.999997    0.00231454  -0.000584981   -0.00142845   -0.00231448      0.999996     0.0602211
     0.999999   5.86748e-05    0.00132138  -0.000251177  -6.16692e-05      0.999997     0.0022662    0.00470832   -0.00132124   -0.00226628      0.999997     0.0761537
     0.999999   2.81275e-05    0.00148263    0.00653105  -3.12602e-05      0.999998    0.00211298     0.0261914   -0.00148257   -0.00211302      0.999997     0.0855077
     0.999999   4.75895e-05    0.00135761    0.00119128  -5.06586e-05      0.999997    0.00226071      0.026611    -0.0013575   -0.00226077      0.999997     0.0735642
     0.999999   3.83137e-05    0.00128519    0.00576092  -4.15156e-05      0.999997    0.00249143    0.00734685   -0.00128509   -0.00249148      0.999996     0.0887318
     0.999999   0.000116028    0.00125788    0.00500215  -0.000119111      0.999997    0.00245113     0.0502964   -0.00125759   -0.00245127      0.999996     0.0823916
     0.999999   0.000155805     0.0012218   0.000552065  -0.000158975      0.999997    0.00259488     0.0106076   -0.00122139   -0.00259508      0.999996     0.0548703
     0.999999    4.3166e-05    0.00118579   0.000372501  -4.63325e-05      0.999996    0.00267047    -0.0192931   -0.00118567   -0.00267052      0.999996     0.0714355
     0.999999   0.000191867    0.00118762   -0.00974928  -0.000194812      0.999997     0.0024801     0.0132065   -0.00118714   -0.00248033      0.999996     0.0800965
     0.999999   0.000135507    0.00130694   -0.00981225  -0.000138829      0.999997    0.00254228      0.009559   -0.00130659   -0.00254246      0.999996     0.0693058
     0.999999  -8.01506e-05    0.00143712     0.0107011   7.64916e-05      0.999997    0.00254593   0.000662354   -0.00143732   -0.00254582      0.999996     0.0778861
     0.999999   9.27433e-05    0.00130274    0.00289292  -9.58867e-05      0.999997    0.00241305     0.0669049   -0.00130251   -0.00241318      0.999996     0.0607352
     0.999999  -0.000155145    0.00140184     0.0135394   0.000151043      0.999996    0.00292599     0.0136461   -0.00140228   -0.00292578      0.999995     0.0735415
     0.999999   -6.2861e-05    0.00140421     0.0141503   5.90062e-05      0.999996    0.00274507     0.0468347   -0.00140437   -0.00274498      0.999995     0.0815896
     0.999999  -0.000281831    0.00158544     0.0387957   0.000277388      0.999996    0.00280227     0.0397218   -0.00158623   -0.00280183      0.999995     0.0975613
     0.999998  -0.000543795    0.00197272     0.0868794   0.000537043      0.999994    0.00342174     0.0181101   -0.00197457   -0.00342067      0.999992      0.253196
     0.999999   -0.00024524    0.00151825     0.0465648   0.000239664      0.999993    0.00367147     0.0928029   -0.00151914   -0.00367111      0.999992      0.205303
     0.999999  -0.000157105    0.00138367     0.0322915   0.000151373      0.999991    0.00414172     0.0401322   -0.00138431    -0.0041415       0.99999      0.195106
     0.999999  -3.72486e-05    0.00139879     0.0359008   3.19064e-05      0.999993    0.00381894     0.0964469   -0.00139892   -0.00381889      0.999992      0.168091
     0.999999  -7.57152e-05    0.00130991     0.0231991   7.08787e-05      0.999993    0.00369184      0.054578   -0.00131018   -0.00369174      0.999992      0.171448
     0.999999  -0.000209239    0.00142852     0.0328208   0.000203282      0.999991     0.0041687     0.0336828   -0.00142938    -0.0041684       0.99999      0.203183
     0.999999  -6.90719e-05    0.00141434     0.0223167     6.387e-05      0.999993     0.0036777     0.0880679   -0.00141458   -0.00367761      0.999992      0.191833
     0.999999  -0.000240046    0.00143233     0.0293229    0.00023452      0.999993     0.0038571      0.085818   -0.00143324   -0.00385676      0.999992      0.187613
     0.999999  -0.000269145     0.0015201     0.0498382   0.000263019      0.999992    0.00402905      0.111645   -0.00152117   -0.00402865      0.999991      0.206831
     0.999999  -0.000279881    0.00167138     0.0595701   0.000273539      0.999993      0.003793      0.117075   -0.00167243   -0.00379254      0.999991      0.195853
     0.999999  -0.000447783    0.00164126     0.0712283   0.000440707      0.999991    0.00430917      0.123682   -0.00164317   -0.00430844      0.999989      0.226794
     0.999999  -0.000187047    0.00159163     0.0689074    0.00018067      0.999992    0.00400601      0.125821   -0.00159237   -0.00400572      0.999991       0.25549
     0.999998  -0.000437099    0.00168667     0.0793103   0.000429675       0.99999    0.00439975       0.12344   -0.00168858   -0.00439902      0.999989      0.269288
     0.999999  -0.000409829    0.00163897     0.0683907   0.000402447       0.99999    0.00450222      0.117953    -0.0016408   -0.00450155      0.999989      0.291511
     0.999999  -0.000124345    0.00150588     0.0468913   0.000117508       0.99999    0.00453911      0.155612   -0.00150643   -0.00453893      0.999989      0.300909
     0.999999  -8.34948e-05    0.00137591     0.0371088   7.69767e-05      0.999989    0.00473665      0.143085   -0.00137629   -0.00473654      0.999988      0.294699
     0.999999  -7.21429e-05    0.00137306     0.0366985   6.54936e-05      0.999988    0.00484214      0.178381    -0.0013734   -0.00484204      0.999987       0.30491
     0.999999   -2.9409e-05    0.00139909     0.0345332   2.27151e-05      0.999989    0.00478429      0.209532   -0.00139922   -0.00478425      0.999988      0.272701
     0.999999  -2.09581e-05    0.00122065     0.0293128   1.48326e-05      0.999987    0.00501801      0.114889   -0.00122074   -0.00501798      0.999987      0.278139
     0.999999   8.77015e-05     0.0011169     0.0149163  -9.32153e-05      0.999988    0.00493763      0.135599   -0.00111645   -0.00493773      0.999987      0.298209
     0.999999     2.873e-05    0.00134481     0.0170507  -3.56921e-05      0.999987    0.00517726      0.137008   -0.00134464   -0.00517731      0.999986      0.298158
     0.999999  -6.72027e-05    0.00123751     0.0171571    6.0237e-05      0.999984    0.00562796      0.136126   -0.00123787   -0.00562788      0.999983      0.313017
     0.999999   0.000194629    0.00118894     0.0066742  -0.000200418      0.999988    0.00487033      0.127386   -0.00118798   -0.00487056      0.999987      0.299717
     0.999999   5.45553e-05    0.00135867     0.0107915  -6.15916e-05      0.999987    0.00517934      0.122406   -0.00135837   -0.00517942      0.999986      0.303629
     0.999999  -7.01793e-05    0.00122756     0.0173367    6.3481e-05      0.999985    0.00545578      0.153453   -0.00122793   -0.00545569      0.999984       0.31512
     0.999999   2.37055e-05    0.00123225     0.0206522  -3.00631e-05      0.999987    0.00515957      0.162488   -0.00123211    -0.0051596      0.999986      0.316081
     0.999999  -5.76008e-05     0.0011874     0.0265108   5.08765e-05      0.999984    0.00566233      0.141325    -0.0011877   -0.00566226      0.999983      0.339203
     0.999999  -0.000202526    0.00144518     0.0391778   0.000194524      0.999985    0.00553515      0.146018   -0.00144628   -0.00553486      0.999984      0.349222
     0.999999   6.91003e-05     0.0013678     0.0234472  -7.68605e-05      0.999984    0.00567419      0.187864   -0.00136738   -0.00567429      0.999983       0.33219
     0.999999  -7.25282e-05    0.00135185     0.0294848   6.48652e-05      0.999984    0.00566767      0.143146   -0.00135224   -0.00566758      0.999983      0.351116
     0.999999  -6.16483e-05    0.00143711      0.041557   5.34049e-05      0.999984    0.00573549      0.167051   -0.00143744   -0.00573541      0.999983      0.370321
     0.999999  -3.89355e-05     0.0012896     0.0352031   3.14752e-05      0.999983    0.00578451      0.219309    -0.0012898   -0.00578446      0.999982      0.352311
     0.999999   -4.0939e-05    0.00112883     0.0312535   3.43153e-05      0.999983    0.00586715       0.23125   -0.00112905   -0.00586711      0.999982       0.34146
     0.999999   0.000164527    0.00111615     0.0286247  -0.000170711      0.999985    0.00554316       0.20617   -0.00111522   -0.00554335      0.999984      0.353304
            1    0.00026792   0.000852093      0.010806  -0.000272586      0.999985    0.00548015       0.22028  -0.000850612   -0.00548038      0.999985      0.336851
            1   0.000138178   0.000916916    0.00961172  -0.000143601      0.999982    0.00591788       0.19776  -0.000916083   -0.00591801      0.999982      0.348795
            1   0.000270653   0.000906183    0.00467252  -0.000275736      0.999984    0.00561449      0.197339   -0.00090465   -0.00561473      0.999984      0.353002
     0.999999   0.000425032   0.000997515    0.00381791  -0.000430551      0.999985    0.00553838      0.187566  -0.000995146    -0.0055388      0.999984      0.320429
     0.999999    0.00024556   0.000985497     0.0120515  -0.000251036      0.999985    0.00556019      0.167774  -0.000984116   -0.00556043      0.999984      0.319028
     0.999999   0.000279747   0.000974308     0.0106408  -0.000285008      0.999985    0.00540336      0.208606  -0.000972782   -0.00540364      0.999985       0.33295
            1   0.000349495   0.000835726     0.0006462  -0.000354071      0.999985    0.00548076      0.196278  -0.000833798   -0.00548105      0.999985      0.328725
            1   0.000177667   0.000914145     0.0125346  -0.000182982      0.999983    0.00581784      0.173192  -0.000913096     -0.005818      0.999983      0.332792
     0.999999    0.00017259    0.00105886     0.0209692  -0.000178292      0.999985    0.00538785      0.201165   -0.00105792   -0.00538803      0.999985      0.315406
     0.999999   0.000139338    0.00105707    0.00117538  -0.000145252      0.999984    0.00559646      0.178839   -0.00105627   -0.00559661      0.999984      0.291578
            1   0.000101307   0.000767592   -0.00968782  -0.000105833      0.999983    0.00589848      0.185415  -0.000766982   -0.00589855      0.999982      0.318139
            1   0.000436836   0.000784258   -0.00615918  -0.000441059      0.999985     0.0053923      0.237087  -0.000781891   -0.00539264      0.999985       0.32824
            1   0.000247549   0.000926017     0.0011756  -0.000253078      0.999982    0.00597538      0.224412  -0.000924521   -0.00597561      0.999982      0.325558
            1   0.000315315   0.000607146   -0.00906675  -0.000318893      0.999983    0.00590191      0.233623  -0.000605275    -0.0059021      0.999982      0.333566
            1   0.000458549   0.000679323    -0.0120697  -0.000462459      0.999983    0.00576618      0.230117  -0.000676667   -0.00576649      0.999983      0.310167
            1   0.000252146   0.000748413   -0.00467628  -0.000256814       0.99998    0.00624371      0.212979  -0.000746824    -0.0062439       0.99998      0.335107
            1   0.000280522   0.000821696    0.00570204  -0.000285696       0.99998    0.00630401      0.251305  -0.000819912   -0.00630424       0.99998      0.351327
            1   0.000258327   0.000687131   -0.00151955  -0.000262711       0.99998    0.00638859      0.221852  -0.000685466   -0.00638876      0.999979      0.311012
            1   0.000230926   0.000563114    -0.0100632  -0.000234663      0.999978    0.00664531      0.212939  -0.000561567   -0.00664544      0.999978      0.338501
            1   0.000477688   0.000664713    -0.0139811  -0.000481857       0.99998    0.00628605      0.252367  -0.000661697   -0.00628637       0.99998      0.345127
            1   0.000528508   0.000639448    -0.0300086   -0.00053298      0.999975     0.0070127      0.251572  -0.000635726   -0.00701303      0.999975      0.352666
            1   0.000531214    0.00051865    -0.0296026  -0.000534997      0.999973    0.00732168      0.255179  -0.000514746   -0.00732195      0.999973      0.367872
            1   0.000833706   0.000404492    -0.0463797  -0.000836676      0.999972    0.00740007      0.313448  -0.000398311    -0.0074004      0.999973      0.366918
            1    0.00081628   0.000516895    -0.0419863  -0.000819944      0.999974    0.00712783      0.227928  -0.000511064   -0.00712825      0.999974      0.340768
            1   0.000719447   0.000630418    -0.0411867  -0.000724114      0.999972    0.00743546      0.258919  -0.000625051   -0.00743591      0.999972      0.371328
     0.999999   0.000902969   0.000520279    -0.0456387   -0.00090673      0.999973    0.00727499      0.309678  -0.000513696   -0.00727546      0.999973      0.371588
     0.999999   0.000775642   0.000712054    -0.0414642  -0.000780985      0.999971    0.00753378      0.256111   -0.00070619   -0.00753433      0.999971      0.364951
     0.999999   0.000767026   0.000728221    -0.0368603  -0.000772459      0.999972    0.00748858      0.262905  -0.000722456   -0.00748914      0.999972      0.377423
     0.999999   0.000969511   0.000707556    -0.0446844  -0.000974843      0.999971    0.00757483      0.287636  -0.000700192   -0.00757551      0.999971      0.385275
     0.999999   0.000680459    0.00106941    -0.0163017   -0.00068922      0.999966    0.00821396      0.260654   -0.00106378   -0.00821469      0.999966      0.384257
     0.999999    0.00072966    0.00113948    -0.0152069   -0.00073814      0.999972    0.00746001        0.3238     -0.001134   -0.00746084      0.999972        0.3907
     0.999999   0.000600725    0.00107219    -0.0173959  -0.000609071      0.999969    0.00780132      0.260012   -0.00106747   -0.00780196      0.999969      0.387896
     0.999999     0.0005092   0.000964731    -0.0233171  -0.000517099      0.999966    0.00820574      0.280891   -0.00096052   -0.00820623      0.999966      0.403155
     0.999999   0.000352606   0.000967475    -0.0065703  -0.000360579      0.999966    0.00825273      0.327634  -0.000964532   -0.00825307      0.999965      0.408974
            1   8.37411e-05   0.000823285    0.00928405  -9.17687e-05      0.999952    0.00975551      0.286394  -0.000822429   -0.00975558      0.999952      0.568361
     0.999999   0.000174433    0.00117834     0.0321021  -0.000185533      0.999956    0.00942698      0.414878   -0.00117665   -0.00942719      0.999955      0.490439
     0.999999   0.000359301    0.00158262     0.0268427  -0.000374392      0.999954    0.00954568      0.355661   -0.00157912   -0.00954626      0.999953      0.471861
     0.999999   0.000445195    0.00161656     0.0364331  -0.000461733      0.999947     0.0102444      0.367991   -0.00161191    -0.0102452      0.999946      0.514585
     0.999999   0.000559473     0.0015958     0.0306922  -0.000575141      0.999951    0.00983435      0.403224   -0.00159022   -0.00983525       0.99995      0.527435
     0.999998   0.000397544    0.00173672     0.0352315   -0.00041524      0.999948     0.0102008      0.407963   -0.00173258    -0.0102015      0.999946      0.547622
     0.999998   0.000208399      0.001893     0.0586333  -0.000227718      0.999948     0.0102106      0.420333   -0.00189078     -0.010211      0.999946      0.573798
     0.999998    0.00023861    0.00199818     0.0517021  -0.000258659       0.99995     0.0100393       0.42812   -0.00199568    -0.0100398      0.999948      0.568111
     0.999998   0.000282664    0.00193556     0.0455211  -0.000303044      0.999944     0.0105373      0.405098   -0.00193247    -0.0105379      0.999943      0.589691
     0.999998   0.000395059    0.00180653     0.0374752  -0.000414364      0.999943     0.0106984      0.444061    -0.0018022    -0.0106991      0.999941      0.621574
     0.999998   0.000520711    0.00193224     0.0242207  -0.000541571      0.999941     0.0108107      0.445423   -0.00192649    -0.0108117       0.99994      0.603696
     0.999998   0.000277825    0.00186135     0.0351905  -0.000298313      0.999939      0.011016      0.433601   -0.00185817    -0.0110166      0.999938      0.626889
     0.999998   0.000594128    0.00175404     0.0254156  -0.000613788      0.999937     0.0112295      0.532484   -0.00174725    -0.0112305      0.999935      0.628708
     0.999998   0.000505575    0.00168179     0.0140031  -0.000524523      0.999936     0.0112853      0.466099   -0.00167598    -0.0112861      0.999935      0.606791
     0.999998   0.000380824    0.00178901     0.0264152  -0.000401395      0.999934     0.0115119      0.467553    -0.0017845    -0.0115126      0.999932      0.611487
     0.999998   0.000465904     0.0017277     0.0205362  -0.000485641      0.999934     0.0114407      0.528059   -0.00172226    -0.0114415      0.999933      0.617092
     0.999998    0.00040166    0.00199453     0.0271977  -0.000425235       0.99993     0.0118334      0.483461   -0.00198964    -0.0118343      0.999928       0.62276
     0.999998   0.000472856     0.0019803     0.0466844  -0.000495688      0.999933     0.0115451       0.51643   -0.00197471    -0.0115461      0.999931      0.638781
     0.999998    0.00071886    0.00188075     0.0178062  -0.000740158      0.999935     0.0113481      0.547354   -0.00187247    -0.0113494      0.999934      0.632731
     0.999998   0.000554442    0.00174737     0.0197781  -0.000575336      0.999928     0.0119801      0.485865    -0.0017406    -0.0119811      0.999927      0.661807
     0.999998   0.000716759    0.00168053     0.0209481  -0.000737458      0.999923      0.012349      0.548294   -0.00167155    -0.0123502      0.999922      0.680168
     0.999998   0.000483928     0.0019496     0.0344045  -0.000508612      0.999919     0.0126803      0.535497    -0.0019433    -0.0126813      0.999918      0.685576
     0.999998   0.000452651    0.00196466     0.0413591  -0.000478264      0.999915     0.0130563      0.550088   -0.00195859    -0.0130572      0.999913      0.720731
     0.999998   0.000594715    0.00170709      0.030785  -0.000616085      0.999921     0.0125455      0.577643    -0.0016995    -0.0125465       0.99992       0.71624
     0.999997   0.000237786    0.00225746     0.0748089  -0.000267939      0.999911     0.0133662      0.583146   -0.00225408    -0.0133668      0.999908      0.730821
     0.999998   0.000316393    0.00205787     0.0667463  -0.000343308      0.999914     0.0130917      0.612412   -0.00205355    -0.0130924      0.999912      0.732492
     0.999998   0.000494637    0.00206277     0.0461464  -0.000520442      0.999921     0.0125279      0.589265   -0.00205641    -0.0125289      0.999919      0.734183
     0.999998   0.000407573    0.00183138     0.0409294  -0.000430154      0.999924     0.0123467      0.579152   -0.00182621    -0.0123475      0.999922      0.734495
     0.999998   0.000504009    0.00181939     0.0365967  -0.000526305      0.999925     0.0122755      0.566532   -0.00181306    -0.0122764      0.999923      0.733933
     0.999998   0.000667515    0.00166587     0.0193334  -0.000688346      0.999921     0.0125357      0.584907   -0.00165737    -0.0125368       0.99992      0.748434
     0.999998   0.000440703    0.00176707     0.0419574  -0.000463463      0.999917     0.0129003      0.574958   -0.00176124    -0.0129011      0.999915      0.762681
     0.999998   0.000542153    0.00182385     0.0459157  -0.000564609      0.999924     0.0123343      0.628481   -0.00181702    -0.0123353      0.999922      0.749196
     0.999998   0.000345563    0.00191601     0.0492144  -0.000370331      0.999916     0.0129417      0.605372   -0.00191138    -0.0129424      0.999914       0.72063
     0.999999   0.000288623    0.00167505     0.0430901  -0.000310674      0.999913     0.0131796      0.548994    -0.0016711    -0.0131801      0.999912        0.7344
     0.999999   0.000518908    0.00145441      0.026813  -0.000537432      0.999918     0.0127652      0.623386   -0.00144767     -0.012766      0.999917      0.723475
     0.999999   0.000383564    0.00143889     0.0323973  -0.000402762      0.999911     0.0133658      0.576247   -0.00143364    -0.0133664       0.99991      0.780519
     0.999999   0.000435133    0.00150564     0.0395762  -0.000455942      0.999904     0.0138483      0.608597   -0.00149947    -0.0138489      0.999903      0.804558
     0.999999   0.000591395    0.00135244     0.0288793  -0.000610406        0.9999     0.0140997      0.664844   -0.00134397    -0.0141006        0.9999      0.814988
     0.999999   0.000464309    0.00130388     0.0201681   -0.00048325      0.999894     0.0145645      0.671056   -0.00129698    -0.0145651      0.999893       0.81679
     0.999999   0.000551074    0.00125617     0.0215345  -0.000569428      0.999892     0.0146579      0.654393   -0.00124796    -0.0146586      0.999892      0.840103
     0.999999   0.000725937    0.00125822     0.0048542  -0.000744485       0.99989     0.0148037      0.708014   -0.00124733    -0.0148046       0.99989       0.84614
     0.999999   0.000657212    0.00117271    0.00525174  -0.000674716      0.999887     0.0149889      0.697947   -0.00116273    -0.0149897      0.999887      0.871427
     0.999999   0.000725853    0.00145633     0.0170343  -0.000747946      0.999884     0.0152281      0.721865   -0.00144511    -0.0152292      0.999883      0.909083
     0.999999   0.000958649    0.00108412   -0.00454325  -0.000974762      0.999888     0.0149615      0.759012   -0.00106966    -0.0149626      0.999887      0.899844
     0.999999   0.000875538    0.00107225    0.00633293  -0.000892359      0.999875     0.0157884      0.745864    -0.0010583    -0.0157894      0.999875      0.912776
     0.999999   0.000808199   0.000998062     0.0107166  -0.000823657      0.999878      0.015586      0.749325  -0.000985343    -0.0155868      0.999878      0.950974
     0.999999   0.000979459    0.00086796   -0.00986525  -0.000992736       0.99988     0.0154296      0.786848  -0.000852743    -0.0154304      0.999881      0.902263
     0.999999   0.000894382    0.00113952    0.00373115   -0.00091257      0.999871     0.0160623       0.76824   -0.00112501    -0.0160633       0.99987      0.938394
     0.999999   0.000770744      0.001101     0.0193372  -0.000788261      0.999872     0.0159997      0.760888   -0.00108853    -0.0160006      0.999871      0.942085
     0.999999   0.000940852    0.00094538    -0.0129114  -0.000955597      0.999876      0.015719      0.769484  -0.000930473    -0.0157199      0.999876      0.911509
     0.999999   0.000911184   0.000886495   -0.00984844  -0.000925394      0.999869     0.0161636      0.766294  -0.000871651    -0.0161644      0.999869      0.924898
     0.999999   0.000870631    0.00111078    0.00520919  -0.000888838      0.999864     0.0164969      0.766132   -0.00109627    -0.0164979      0.999863      0.950021
     0.999999    0.00102089    0.00101101   -0.00807479   -0.00103741      0.999864     0.0164769      0.796029  -0.000994047    -0.0164779      0.999864      0.961511
     0.999999   0.000866604    0.00104146    0.00506209  -0.000884155      0.999856      0.016972      0.796064    -0.0010266    -0.0169729      0.999855        0.9896
     0.999999   0.000824592    0.00100079      0.003632  -0.000841628      0.999853     0.0171426      0.785849  -0.000986511    -0.0171434      0.999853      0.998982
     0.999999   0.000985731    0.00112457    0.00395255   -0.00100463      0.999856     0.0169324      0.829159   -0.00110772    -0.0169335      0.999856       1.00007
     0.999999   0.000949647   0.000881963   -0.00785124   -0.00096461      0.999853     0.0171238       0.81462  -0.000865572    -0.0171246      0.999853       1.02127
     0.999999   0.000512473    0.00135002     0.0541123  -0.000536148      0.999845     0.0175947      0.821818   -0.00134079    -0.0175954      0.999844       1.05772
     0.999997   0.000118675    0.00227514      0.102115  -0.000159036      0.999842     0.0177478      0.924474   -0.00227268    -0.0177481       0.99984       1.03213
     0.999997  -0.000133928    0.00233587      0.127095   9.11289e-05      0.999832     0.0183132      0.916733   -0.00233793    -0.0183129       0.99983       1.04398
     0.999998    0.00021896    0.00174974     0.0804008  -0.000249818      0.999844     0.0176549      0.939476    -0.0017456    -0.0176553      0.999843       1.04687
     0.999999   0.000362969    0.00104166     0.0506194  -0.000381765      0.999836     0.0181006      0.941716   -0.00103492     -0.018101      0.999836       1.07195
     0.999999   0.000277847    0.00133095     0.0628263  -0.000301723      0.999838     0.0179721      0.951735   -0.00132574    -0.0179725      0.999838       1.10442
     0.999998   0.000171508    0.00175375     0.0839497  -0.000202862       0.99984     0.0178936      0.969931    -0.0017504    -0.0178939      0.999838       1.08281
     0.999999   0.000259467    0.00158153     0.0707829  -0.000288323      0.999833     0.0182727        0.9126   -0.00157652    -0.0182731      0.999832       1.08536
     0.999999   0.000475728    0.00164477     0.0615059  -0.000505862      0.999831     0.0183693      0.940032   -0.00163575    -0.0183701       0.99983       1.11458
     0.999999   0.000406296    0.00152147     0.0412024  -0.000434911      0.999822     0.0188549      0.953227   -0.00151354    -0.0188555      0.999821       1.10095
     0.999998   0.000407045    0.00182978     0.0487083  -0.000442775      0.999808     0.0195695      0.965607   -0.00182146    -0.0195703      0.999807       1.14226
     0.999998   0.000387511    0.00182022     0.0370709   -0.00042286      0.999811     0.0194602      0.994997   -0.00181234     -0.019461      0.999809       1.21328
     0.999996   0.000441098    0.00263593     0.0888623  -0.000494251      0.999796     0.0201982      0.991959   -0.00262649    -0.0201994      0.999793        1.3311
     0.999995   0.000636895     0.0029364     0.0780754  -0.000696757      0.999791     0.0204303        1.0797   -0.00292277    -0.0204323      0.999787       1.27276
     0.999996   0.000525285    0.00283011     0.0737965   -0.00058496      0.999777     0.0211266       1.05231   -0.00281838    -0.0211282      0.999773       1.27828
     0.999998    0.00046859    0.00195945      0.034235   -0.00050917      0.999784      0.020761       1.09614    -0.0019493     -0.020762      0.999783       1.27845
     0.999999   0.000541599    0.00153617      0.010255  -0.000573617      0.999781     0.0209197        1.0775    -0.0015245    -0.0209205       0.99978       1.27807
     0.999998   0.000204125     0.0017836     0.0346684  -0.000241906      0.999775     0.0212083       1.10358   -0.00177887    -0.0212087      0.999773       1.32295
     0.999999   0.000239377    0.00155603     0.0284894  -0.000272163      0.999777     0.0211039       1.12948   -0.00155063    -0.0211043      0.999776       1.30992
     0.999999   0.000104943    0.00164561     0.0451182  -0.000139755      0.999776     0.0211687       1.08063   -0.00164302    -0.0211689      0.999775       1.31549
     0.999999   2.33717e-05    0.00157823     0.0460206  -5.66055e-05      0.999778     0.0210609       1.09572   -0.00157739     -0.021061      0.999777       1.31737
     0.999999  -0.000134296    0.00168207     0.0525332   9.83845e-05      0.999772     0.0213314        1.0989   -0.00168456    -0.0213312      0.999771       1.28035
     0.999998   -0.00017805    0.00175401     0.0643246   0.000140455      0.999771     0.0214107       1.09565   -0.00175742    -0.0214104      0.999769       1.31252
     0.999999   -7.7689e-05    0.00147931      0.049184   4.55515e-05      0.999764     0.0217123       1.15203   -0.00148065    -0.0217122      0.999763       1.32795
     0.999999  -0.000104385    0.00157471     0.0500325   7.00339e-05      0.999762     0.0217982       1.12775   -0.00157662    -0.0217981      0.999761       1.33638
     0.999999  -0.000214185    0.00165738     0.0535964   0.000177515      0.999756     0.0220938       1.13373    -0.0016617    -0.0220935      0.999755       1.35423
     0.999999   2.46342e-05      0.001673     0.0445972  -6.13767e-05      0.999759     0.0219656       1.13424   -0.00167205    -0.0219656      0.999757       1.37165
     0.999999   -1.2571e-05    0.00137148      0.029628   -1.8169e-05      0.999749     0.0224115       1.14462   -0.00137141    -0.0224115      0.999748       1.35495
     0.999999  -3.72954e-05     0.0014077     0.0378284   5.63628e-06      0.999747     0.0224833        1.1191   -0.00140818    -0.0224832      0.999746       1.40604
     0.999999    4.2068e-05    0.00157492     0.0421409  -7.70196e-05      0.999754     0.0221992       1.17175   -0.00157359    -0.0221993      0.999752       1.41989
     0.999999    6.1636e-05    0.00164959     0.0375283  -9.90755e-05      0.999742     0.0227058       1.16814   -0.00164776     -0.022706      0.999741       1.38714
     0.999999   -3.3643e-05    0.00172385     0.0500019  -5.69882e-06       0.99974     0.0228169       1.17065   -0.00172417    -0.0228169      0.999738       1.40134
     0.999999   0.000131599    0.00150066     0.0379623  -0.000165545      0.999744     0.0226432       1.17691    -0.0014973    -0.0226434      0.999742       1.39432
     0.999999  -3.07934e-05    0.00147201     0.0382156  -2.58969e-06      0.999743     0.0226732       1.13826   -0.00147233    -0.0226732      0.999742       1.38148
     0.999998  -3.76089e-05    0.00182585     0.0503174  -3.93762e-06      0.999741     0.0227493       1.15659   -0.00182623    -0.0227493       0.99974       1.39634
     0.999998   5.45206e-05    0.00175358     0.0332446  -9.39492e-05      0.999747     0.0224924       1.14717   -0.00175191    -0.0224925      0.999745       1.37714
     0.999998  -1.10373e-05    0.00177459     0.0334529  -2.84109e-05      0.999753     0.0222279       1.11543   -0.00177439    -0.0222279      0.999751       1.38078
     0.999998  -0.000139094    0.00175832     0.0429742   9.87042e-05      0.999737       0.02295        1.1309   -0.00176105    -0.0229498      0.999735       1.41522
     0.999998  -2.42413e-06    0.00200657     0.0494323  -4.35678e-05      0.999737     0.0229204       1.18281   -0.00200609    -0.0229204      0.999735       1.42854
     0.999998  -0.000226628    0.00216834     0.0675038    0.00017693      0.999738      0.022893       1.14905   -0.00217296    -0.0228926      0.999736       1.40872
     0.999997  -0.000364875     0.0024644       0.08733   0.000308683      0.999741     0.0227637       1.15612   -0.00247206    -0.0227629      0.999738       1.41642
     0.999997  -0.000230115    0.00222616     0.0750287   0.000178935      0.999736     0.0229632       1.21444   -0.00223086    -0.0229628      0.999734       1.38923
     0.999997  -0.000381452    0.00221364     0.0820253   0.000330396      0.999735      0.023019       1.15688   -0.00222183    -0.0230182      0.999733       1.37397
     0.999998  -0.000189724     0.0020697     0.0748038    0.00014238      0.999739     0.0228513       1.23162    -0.0020735     -0.022851      0.999737       1.39103
     0.999998  -0.000181703     0.0019861     0.0733709   0.000136533      0.999742     0.0227195        1.1978   -0.00198971    -0.0227191       0.99974       1.36327
     0.999998  -0.000252576    0.00198314     0.0735117   0.000206985      0.999736     0.0229559       1.19131   -0.00198841    -0.0229554      0.999735        1.3808
     0.999998   2.74131e-05    0.00200423     0.0572692  -7.30889e-05       0.99974     0.0227932       1.22814   -0.00200308    -0.0227933      0.999738        1.3685
     0.999998   0.000120427    0.00191318     0.0480464   -0.00016456      0.999733     0.0230848       1.17051   -0.00190989     -0.023085      0.999732        1.3703
     0.999998  -9.29268e-05    0.00211188     0.0714689   4.31763e-05      0.999723     0.0235453       1.19325   -0.00211348    -0.0235451      0.999721       1.42559
     0.999998    0.00017051    0.00177109     0.0459679  -0.000212661      0.999716     0.0238265       1.26805   -0.00176652    -0.0238268      0.999715       1.42459
     0.999998   3.44909e-05     0.0021126     0.0648616  -8.44593e-05       0.99972     0.0236571        1.2286   -0.00211119    -0.0236572      0.999718       1.42441
     0.999998   2.45999e-05    0.00206247     0.0728722   -7.3674e-05      0.999717     0.0237971       1.23553    -0.0020613    -0.0237972      0.999715       1.43861
     0.999998   5.57233e-05    0.00188154     0.0528284  -0.000100058      0.999722     0.0235711        1.2359    -0.0018797    -0.0235713       0.99972       1.43138
     0.999998  -9.29035e-05    0.00191491     0.0602425   4.73097e-05      0.999717     0.0237962       1.21426   -0.00191658     -0.023796      0.999715       1.43601
     0.999998  -8.21385e-06    0.00188657      0.064536  -3.68464e-05      0.999715     0.0238834       1.24205   -0.00188623    -0.0238834      0.999713       1.48144
     0.999998   0.000106658     0.0017822     0.0503418  -0.000149818      0.999706     0.0242346       1.24724   -0.00177909    -0.0242348      0.999705       1.48229
     0.999998   6.11761e-05    0.00187546     0.0491496   -0.00010641      0.999709     0.0241283       1.19177   -0.00187343    -0.0241284      0.999707        1.4797
     0.999998   3.53426e-05    0.00184427      0.053157   -8.0091e-05      0.999705      0.024269       1.26985   -0.00184287    -0.0242691      0.999704       1.50573
     0.999999   7.89164e-05    0.00150645     0.0375447  -0.000115714      0.999701     0.0244422        1.2656   -0.00150407    -0.0244424        0.9997       1.50712
