# 3dvolreg matrices (DICOM-to-DICOM, row-by-row):
            1             0             0            -0             0             1             0            -0             0             0             1            -0
            1   0.000397694    7.0432e-05    -0.0119789  -0.000397641             1  -0.000745211  -0.000353411  -7.07283e-05   0.000745183             1    -0.0535564
            1  -2.90214e-05   0.000134435    -0.0133319   2.91098e-05             1  -0.000657855    0.00801596  -0.000134416   0.000657859             1    -0.0376139
            1   0.000314339   4.14989e-05    -0.0136201  -0.000314294      0.999999   -0.00106919     0.0237796  -4.18349e-05    0.00106918      0.999999    -0.0384462
            1   0.000167153  -0.000178502    -0.0216544  -0.000167332      0.999999    -0.0010047     0.0771136   0.000178334    0.00100473      0.999999    -0.0419731
            1   0.000300792  -0.000266674    -0.0261343  -0.000300966             1  -0.000654311   -0.00256096   0.000266477   0.000654391             1     -0.043579
            1   0.000531987  -0.000267023     -0.029103  -0.000532204             1  -0.000813514     0.0541549    0.00026659   0.000813656             1    -0.0404982
            1  -3.03828e-05  -0.000335488    -0.0387471    3.0383e-05             1   4.72117e-07    -0.0355306   0.000335488   -4.8231e-07             1    -0.0189493
            1   0.000154341  -0.000256776     -0.035595  -0.000154468             1  -0.000495707    0.00797186     0.0002567   0.000495747             1    -0.0246145
            1   0.000117148   -0.00018914    -0.0375989  -0.000117272             1  -0.000659773     0.0835588   0.000189063   0.000659795             1    -0.0400562
            1   6.79273e-06  -0.000178327    -0.0340788  -6.86358e-06             1  -0.000397332    -0.0108011   0.000178325   0.000397333             1    -0.0195317
            1   7.88515e-05  -0.000179203    -0.0392938  -7.89344e-05             1  -0.000462558   -0.00200586   0.000179167   0.000462573             1    -0.0508577
            1    -6.291e-05  -0.000144637    -0.0464685   6.28006e-05             1   -0.00075628     0.0440453   0.000144684   0.000756271             1    -0.0675078
            1   0.000129137   0.000291584    -0.0285925  -0.000128885             1  -0.000863322    -0.0291213  -0.000291696   0.000863285             1     0.0371742
            1   6.99471e-05   0.000224904    -0.0336971  -6.96758e-05      0.999999   -0.00120617     0.0279539  -0.000224989    0.00120616      0.999999     0.0209588
            1  -0.000140669   0.000256151     -0.044557   0.000140863             1  -0.000758929    -0.0273124  -0.000256044   0.000758966             1   -0.00535439
            1  -6.34836e-05    0.00021665    -0.0348044   6.36349e-05             1  -0.000698547    -0.0472146  -0.000216605    0.00069856             1     0.0104882
            1   4.77104e-05   1.72284e-05    -0.0277823  -4.76917e-05      0.999999   -0.00108702    -0.0098796  -1.72802e-05    0.00108702      0.999999    -0.0113359
            1  -0.000965642  -0.000142434    -0.0192894   0.000965987      0.999997     0.0024415   -0.00767964   0.000140076   -0.00244164      0.999997     0.0705719
     0.999999   -0.00130668  -0.000292482    -0.0229334    0.00130762      0.999994    0.00324508     0.0386279    0.00028824   -0.00324546      0.999995   -0.00422924
     0.999999   -0.00144318  -0.000230942    -0.0420437    0.00144393      0.999994    0.00329717     0.0310966   0.000226182    -0.0032975      0.999995    0.00727537
            1  -0.000764323  -0.000165834    -0.0393313   0.000764745      0.999996    0.00255496      0.035785    0.00016388   -0.00255508      0.999997   -0.00792153
     0.999999   -0.00104415  -0.000214162    -0.0431206    0.00104472      0.999996    0.00269038     0.0484072   0.000211352    -0.0026906      0.999996    -0.0214473
     0.999999   -0.00108083  -0.000134999    -0.0476351    0.00108121      0.999995    0.00288566     0.0554301    0.00013188    -0.0028858      0.999996   -0.00719443
            1  -0.000612706   2.72024e-05    -0.0365404   0.000612656      0.999998    0.00180101     0.0588728  -2.83059e-05   -0.00180099      0.999998    -0.0263862
            1  -0.000740756   7.16121e-05     -0.026709   0.000740645      0.999999     0.0015266     0.0546748  -7.27428e-05   -0.00152655      0.999999    0.00204936
     0.999999  -0.000875148    0.00056477    -0.0252681   0.000874379      0.999999    0.00136049     0.0476883   -0.00056596   -0.00135999      0.999999    0.00995836
     0.999999  -0.000967461   0.000563348    -0.0335677   0.000966658      0.999999    0.00142486     0.0785992  -0.000564726   -0.00142432      0.999999    -0.0112072
            1   -0.00092852   0.000262637    -0.0428727   0.000928014      0.999998    0.00191822    -0.0125966  -0.000264417   -0.00191797      0.999998    -0.0434704
            1  -0.000698335   0.000339362    -0.0398725   0.000697824      0.999999    0.00150573     0.0680949  -0.000340413   -0.00150549      0.999999    -0.0511429
            1  -0.000813325   0.000322149     -0.031226   0.000812869      0.999999    0.00141072     0.0826118  -0.000323296   -0.00141046      0.999999    -0.0206343
            1  -0.000830344   0.000486628    -0.0401983   0.000829517      0.999998    0.00169768      0.101955  -0.000488037   -0.00169728      0.999998    -0.0166265
            1  -0.000596639   0.000521557    -0.0489315   0.000595892      0.999999    0.00143221      0.138877  -0.000522411    -0.0014319      0.999999    -0.0526008
            1  -0.000306837   0.000652206    -0.0313929   0.000305922      0.999999    0.00140289      0.117843  -0.000652636   -0.00140269      0.999999    -0.0492608
            1  -3.62478e-05   0.000835377    -0.0206679   3.57278e-05             1   0.000622466     0.0152386  -0.000835399  -0.000622436      0.999999    0.00967411
            1  -0.000281283   0.000690811    -0.0348558   0.000280658             1   0.000903881     0.0999986  -0.000691065  -0.000903687      0.999999    -0.0127271
            1  -6.51102e-05   0.000828967   -0.00920985   6.40087e-05      0.999999    0.00132869     0.0388004  -0.000829053   -0.00132864      0.999999    -0.0362823
            1  -3.87249e-05   0.000782871   -0.00746257   3.85116e-05             1   0.000272528     0.0682855  -0.000782882  -0.000272498             1    -0.0163315
            1  -0.000478324   0.000405861   -0.00700836   0.000478103             1   0.000545757     0.0338546  -0.000406122  -0.000545563             1    -0.0131339
            1  -0.000451079   0.000567054   -0.00328253    0.00045065             1   0.000756629     0.0281332  -0.000567395  -0.000756373             1     0.0017654
            1  -0.000247807    0.00056327   -0.00694579   0.000247758             1   8.74472e-05     0.0769577  -0.000563292  -8.73076e-05             1     0.0137713
            1  -0.000286021   0.000454408    -0.0111827   0.000285654             1   0.000807149     0.0188394  -0.000454639  -0.000807019             1     0.0176299
            1   4.10711e-05   0.000815049  -0.000131157  -4.13397e-05             1   0.000329606    -0.0116259  -0.000815036  -0.000329639             1    -0.0359134
            1  -0.000530978    0.00056564    0.00927194   0.000531139             1  -0.000285023     0.0348934  -0.000565488   0.000285323             1    -0.0203653
            1  -0.000695872   0.000354515   0.000403996   0.000695779             1    0.00026345      0.016385  -0.000354698  -0.000263203             1     0.0368902
            1  -0.000337208   0.000372269   -0.00102042   0.000337063             1   0.000389557     0.0108777    -0.0003724  -0.000389432             1    0.00591874
            1  -0.000267563   0.000550356    0.00594107   0.000267313             1   0.000454475     0.0259345  -0.000550478  -0.000454327             1   -0.00805812
            1  -0.000252881   0.000365913     0.0149359   0.000252825             1   0.000152796    -0.0058675  -0.000365952  -0.000152703             1     0.0336065
            1   2.89837e-05   0.000124958    0.00923348  -2.89805e-05             1  -2.57696e-05     0.0210606  -0.000124959   2.57659e-05             1   -0.00811221
            1  -0.000396469  -7.91703e-05    0.00826219   0.000396505             1   0.000452755     0.0289039   7.89908e-05  -0.000452786             1     -0.010952
            1   -0.00051081   0.000218501     0.0140327   0.000510787             1   0.000105301     0.0469069  -0.000218555  -0.000105189             1    0.00699879
            1  -0.000297928   0.000153369     0.0135784   0.000297945             1  -0.000109963     0.0236718  -0.000153336   0.000110008             1   0.000709872
            1  -0.000396372   5.21045e-05    0.00876751   0.000396362             1    0.00020206   -0.00319058  -5.21846e-05   -0.00020204             1     0.0125233
            1  -0.000375514   3.79064e-05   -0.00492396   0.000375471      0.999999     0.0011201     0.0297444   -3.8327e-05   -0.00112008      0.999999      0.012215
            1  -0.000386967   0.000148127   0.000655231   0.000386837             1   0.000881709      0.065833  -0.000148468  -0.000881651             1   -0.00988632
            1  -0.000931589  -7.96656e-05  -0.000906697   0.000931817      0.999995    0.00291624     0.0256205   7.69485e-05   -0.00291631      0.999996      0.101993
            1  -0.000384189  -0.000238771   -0.00395029   0.000384719      0.999997    0.00222508     0.0667144   0.000237916   -0.00222518      0.999997     0.0487547
            1  -0.000700152  -0.000362863    0.00163992   0.000701106      0.999996     0.0026368    -0.0602781   0.000361016   -0.00263706      0.999996     0.0563349
            1  -0.000399359  -0.000333523   -0.00122644   0.000400096      0.999997    0.00221417      0.066103   0.000332638    -0.0022143      0.999997     0.0153539
            1   -0.00048428   -0.00011175   -0.00339869   0.000484522      0.999998    0.00217776     0.0442357   0.000110695   -0.00217781      0.999998   -0.00206823
            1  -0.000413766  -0.000191517     0.0002624   0.000414118      0.999998    0.00183838      0.024041   0.000190756   -0.00183846      0.999998     0.0591668
            1  -0.000131625   -0.00012104   -0.00876125   0.000131816      0.999999     0.0015769     0.0673808   0.000120832   -0.00157692      0.999999     0.0173814
            1  -0.000311172  -0.000203799   -0.00663992   0.000311499      0.999999    0.00160771       0.02614   0.000203298   -0.00160777      0.999999     0.0186514
     0.999999    0.00107906   -0.00118492    -0.0362885   -0.00107021      0.999972     0.0074433     0.0787808    0.00119292   -0.00744203      0.999972      0.152351
     0.999997   0.000168471   -0.00225153     0.0185136   -0.00015206      0.999973    0.00728721      0.142792    0.00225269   -0.00728685      0.999971      0.143578
     0.999999    0.00073382   -0.00149746     0.0267029  -0.000725958      0.999986    0.00524375     0.0511836    0.00150129   -0.00524266      0.999985      0.119487
            1    0.00065854   -0.00064611     0.0303697   -0.00065557      0.999989    0.00458638     0.0214253   0.000649123   -0.00458595      0.999989     0.0159878
            1  -0.000805433   -0.00055014      0.052521   0.000808546      0.999984    0.00568239    -0.0163588   0.000545554   -0.00568283      0.999984       0.30117
            1  -0.000554286  -0.000229168     0.0399201   0.000555414      0.999988    0.00494778     0.0465159   0.000226423   -0.00494791      0.999988      0.278937
     0.999999    0.00113245   0.000188257     0.0236165   -0.00113308      0.999994    0.00339582    -0.0580327   -0.00018441   -0.00339603      0.999994      0.213493
     0.999995    0.00297873   0.000877064     0.0417427   -0.00298069      0.999993    0.00223787    -0.0364247  -0.000870392   -0.00224047      0.999997    -0.0680512
     0.999995    0.00304575   0.000123047     0.0530635   -0.00304584      0.999995    0.00068871       0.01366  -0.000120949  -0.000689082             1    -0.0314404
     0.999995    0.00314764   6.22661e-06      0.059994   -0.00314764      0.999994    0.00152752     0.0360081  -1.41849e-06   -0.00152753      0.999999     0.0422612
     0.999994    0.00337536   0.000111034     0.0604073   -0.00337548      0.999994     0.0010893       0.10691  -0.000107357   -0.00108967      0.999999     0.0315055
     0.999994    0.00331423   0.000200267      0.063522   -0.00331449      0.999994    0.00134707     0.0859076  -0.000195801   -0.00134773      0.999999     0.0400376
     0.999995    0.00313793   0.000353443     0.0672488   -0.00313835      0.999994    0.00119244     0.0289827  -0.000349699   -0.00119355      0.999999     0.0280333
     0.999994    0.00332911   0.000303524     0.0650527   -0.00332948      0.999994    0.00122718    -0.0471727  -0.000299437   -0.00122819      0.999999     0.0508241
     0.999994    0.00340408   0.000235723     0.0599232   -0.00340428      0.999994   0.000861974     0.0841341  -0.000232787  -0.000862772             1     0.0406078
     0.999993    0.00365764   0.000369309     0.0628558   -0.00365802      0.999993    0.00105706     0.0271747   -0.00036544   -0.00105841      0.999999      0.027056
     0.999994    0.00348972   0.000539735     0.0673675   -0.00349023      0.999993   0.000949411    -0.0278621  -0.000536418  -0.000951289      0.999999     0.0468408
     0.999994    0.00333975    0.00052434     0.0690917   -0.00334017      0.999994   0.000807011     0.0794511  -0.000521642  -0.000808758             1     0.0264307
      0.99999    0.00433863    0.00102239      0.073334   -0.00433932       0.99999   0.000672665     0.0527536   -0.00101946  -0.000677095      0.999999     -0.064392
     0.999989    0.00441063    0.00168246     0.0625091   -0.00440888       0.99999   -0.00103984    0.00488479   -0.00168703    0.00103242      0.999998    -0.0984473
     0.999992    0.00382973    0.00110006     0.0718019   -0.00382988      0.999993   0.000134288     0.0688492   -0.00109954    -0.0001385      0.999999    -0.0600805
      0.99999    0.00432301    0.00152009     0.0811285    -0.0043223      0.999991  -0.000469972     0.0376676    -0.0015221   0.000463397      0.999999    -0.0780816
      0.99999    0.00412082    0.00198456      0.076195   -0.00412075      0.999992  -4.00223e-05     0.0442927   -0.00198471    3.1844e-05      0.999998    -0.0968453
     0.999994     0.0034084    0.00110332     0.0656478    -0.0034072      0.999994   -0.00108496     -0.104783   -0.00110701     0.0010812      0.999999     0.0399962
     0.999995     0.0028785   0.000855752     0.0476457   -0.00287816      0.999996   -0.00039688    -0.0569213  -0.000856891   0.000394415             1    -0.0156552
     0.999995    0.00301935   0.000811722     0.0326172   -0.00301904      0.999995  -0.000380385     0.0784671  -0.000812866   0.000377932             1    -0.0786842
     0.999995    0.00311467    0.00110007     0.0371784   -0.00311466      0.999995  -4.43781e-06      0.089149   -0.00110008   1.01145e-06      0.999999      -0.10734
            1   0.000355308   0.000287399     0.0123603   -0.00035712       0.99998    0.00632664      0.115555  -0.000285145   -0.00632675       0.99998     0.0233806
     0.999999    0.00127426  -1.55084e-05     0.0056069   -0.00127418       0.99999    0.00438063    -0.0048002   2.10903e-05   -0.00438061       0.99999    0.00429858
     0.999999    0.00140396   0.000197486    -0.0059668   -0.00140457      0.999994     0.0031542      0.104842  -0.000193056   -0.00315448      0.999995    -0.0441819
     0.999999    0.00142305  -0.000299742   -0.00325866   -0.00142198      0.999993    0.00352793     0.0566533    0.00030476    -0.0035275      0.999994    -0.0667578
     0.999998    0.00191153  -0.000179948     0.0122201   -0.00191113      0.999996    0.00223654     0.0185198   0.000184223   -0.00223619      0.999997    -0.0286618
     0.999998    0.00168873  -0.000412832    0.00580479   -0.00168767      0.999995    0.00256647    0.00704565   0.000417164   -0.00256577      0.999997    -0.0270121
     0.999998    0.00207752   -0.00024022    0.00907351   -0.00207702      0.999996    0.00206245    0.00308722   0.000244504   -0.00206195      0.999998    -0.0476738
     0.999998    0.00215693   -0.00035591     0.0111369   -0.00215611      0.999995    0.00229134     0.0492822    0.00036085   -0.00229056      0.999997    -0.0576996
     0.999998    0.00208482  -0.000346181     0.0102683    -0.0020841      0.999996    0.00207485     0.0124233   0.000350505   -0.00207412      0.999998    -0.0550164
     0.999998    0.00209588  -0.000252433     0.0127424   -0.00209547      0.999996    0.00163218     0.0602571   0.000255853   -0.00163164      0.999999    -0.0468003
     0.999998    0.00194798   -0.00040124     0.0134056   -0.00194724      0.999996    0.00183463     0.0392405   0.000404812   -0.00183385      0.999998    -0.0341609
     0.999998    0.00216695  -0.000288938     0.0137548   -0.00216656      0.999997    0.00133542     0.0557214   0.000291831   -0.00133479      0.999999    -0.0563842
     0.999998    0.00196989  -0.000200937     0.0119976   -0.00196959      0.999997    0.00149421     0.0174932    0.00020388   -0.00149381      0.999999    -0.0521051
     0.999998    0.00205798  -0.000116663     0.0197369   -0.00205785      0.999997    0.00116411     0.0306128   0.000119058   -0.00116387      0.999999    -0.0472823
     0.999998    0.00198829  -0.000149903     0.0145626   -0.00198811      0.999997    0.00119834     0.0319281   0.000152286   -0.00119804      0.999999     -0.059075
     0.999998    0.00222554   -9.9663e-05     0.0167853   -0.00222544      0.999997    0.00103811    -0.0214724   0.000101973   -0.00103789      0.999999    -0.0580303
     0.999997    0.00227889  -0.000264478     0.0168396   -0.00227866      0.999997   0.000867447   -0.00564376   0.000266454  -0.000866842             1    -0.0775383
     0.999998    0.00201941  -0.000422272     0.0141917   -0.00201897      0.999997    0.00104854      0.023519   0.000424388   -0.00104768      0.999999    -0.0533639
     0.999997    0.00224353  -0.000320776     0.0122294   -0.00224306      0.999996    0.00144349      0.055968   0.000324013   -0.00144277      0.999999    -0.0171841
     0.999998    0.00181801  -0.000556697     0.0142153   -0.00181668      0.999996    0.00238001     0.0623216   0.000561021     -0.002379      0.999997    0.00629018
     0.999998     0.0017419  -0.000702269     0.0101795   -0.00174072      0.999997    0.00168416    -0.0100264     0.0007052   -0.00168294      0.999998    -0.0235654
     0.999997    0.00210554  -0.000890751   -0.00593448   -0.00210293      0.999994    0.00292701     0.0147737   0.000896909   -0.00292513      0.999995     -0.127331
     0.999997    0.00216096  -0.000618759   -0.00359331   -0.00215932      0.999994    0.00264724     0.0615106   0.000624476    -0.0026459      0.999996     -0.091715
     0.999998    0.00202436  -0.000842824   -0.00547869   -0.00202249      0.999996    0.00220581     0.0363568   0.000847285    -0.0022041      0.999997    -0.0672801
     0.999998     0.0019466  -0.000769283  -0.000219824   -0.00194479      0.999995    0.00235181     0.0322836   0.000773858    -0.0023503      0.999997    -0.0659218
     0.999998    0.00195144  -0.000783799   -0.00459056    -0.0019498      0.999996    0.00208104     0.0201372   0.000787857   -0.00207951      0.999998    -0.0549337
     0.999998    0.00199338  -0.000886269   -0.00949783   -0.00199172      0.999996    0.00186452     0.0293944   0.000889982   -0.00186275      0.999998    -0.0765536
     0.999998    0.00207388  -0.000825344   -0.00407225   -0.00207201      0.999995    0.00226233     0.0644771   0.000830032   -0.00226061      0.999997    -0.0826515
     0.999997     0.0023085  -0.000328419   -0.00939037   -0.00230768      0.999994    0.00247361     0.0666863   0.000334127   -0.00247285      0.999997    -0.0474317
     0.999998    0.00214877   -0.00040404    0.00324591   -0.00214781      0.999995    0.00235907    -0.0169607   0.000409107    -0.0023582      0.999997    -0.0498176
     0.999999    0.00144006  -0.000549122     0.0198046   -0.00143746      0.999988    0.00472222     0.0607883   0.000555915   -0.00472143      0.999989     0.0542862
     0.999998    0.00179742  -0.000348567   0.000787501   -0.00179631      0.999993    0.00316035     0.0605182   0.000354245   -0.00315972      0.999995    -0.0167418
     0.999998    0.00208011   -0.00024688    0.00656453   -0.00207938      0.999993    0.00295614      0.110824   0.000253028   -0.00295562      0.999996    -0.0522552
     0.999998     0.0019187   -0.00026149    0.00316745   -0.00191807      0.999995    0.00239399     0.0495165   0.000266082   -0.00239349      0.999997    -0.0156381
     0.999998    0.00174019  -0.000381532   -0.00412721   -0.00173949      0.999997     0.0018246     0.0632826   0.000384705   -0.00182394      0.999998    -0.0398137
     0.999998    0.00185567  -0.000363906    0.00777659   -0.00185492      0.999996    0.00204451     0.0187559   0.000367698   -0.00204383      0.999998    -0.0221223
     0.999998    0.00183992  -0.000333269      0.012898   -0.00183941      0.999997    0.00150699    0.00764829   0.000336041   -0.00150637      0.999999    0.00542961
     0.999998    0.00179398  -0.000395841    0.00702138    -0.0017932      0.999996    0.00197396     0.0380049    0.00039938   -0.00197325      0.999998   -0.00684763
     0.999998    0.00184559   -0.00036891    0.00423303   -0.00184483      0.999996    0.00203153      0.047825   0.000372658   -0.00203084      0.999998     0.0305592
     0.999998    0.00217665  -0.000260918    0.00457658   -0.00217557      0.999989    0.00409081       0.12497   0.000269819   -0.00409023      0.999992     -0.046946
     0.999998    0.00191417  -0.000624754     0.0140961   -0.00191149      0.999989    0.00426072     0.0752519   0.000632903   -0.00425952      0.999991     -0.043127
     0.999998    0.00180221  -0.000679569    0.00972625   -0.00179989      0.999993     0.0034022      0.100485   0.000685695   -0.00340097      0.999994    -0.0559951
     0.999998    0.00193591  -0.000560282    0.00780428   -0.00193394      0.999992    0.00350324     0.0343746   0.000567059   -0.00350215      0.999994     -0.023455
     0.999999    0.00139726  -0.000488646     0.0172359   -0.00139445      0.999983    0.00570735      0.121202   0.000496612   -0.00570666      0.999984     0.0453784
     0.999999     0.0015037  -0.000415272     0.0237731   -0.00150203      0.999991     0.0039734     0.0468891   0.000421243   -0.00397277      0.999992     0.0351068
     0.999999    0.00161278  -0.000160985     0.0209407   -0.00161221      0.999993    0.00346283     0.0667541   0.000166568   -0.00346257      0.999994    -0.0135929
     0.999999    0.00153855  -2.40568e-07     0.0237784   -0.00153855      0.999996    0.00243844   -0.00329434   3.99223e-06   -0.00243843      0.999997    0.00807132
     0.999998    0.00190755  -8.26471e-05     0.0198524    -0.0019074      0.999997    0.00173707     0.0510554   8.59603e-05   -0.00173691      0.999998    -0.0293659
     0.999999     0.0014609  -0.000575315     0.0136773   -0.00145954      0.999996    0.00236676     0.0302202    0.00057877   -0.00236592      0.999997    0.00319191
     0.999996    0.00280552   1.40212e-05     0.0346898   -0.00280554      0.999995    0.00151269    -0.0158705  -9.77729e-06   -0.00151272      0.999999      0.140319
     0.999874    0.00100285    -0.0158612     -0.130163  -0.000904175       0.99998    0.00622687     -0.197928     0.0158672   -0.00621174      0.999855       1.62928
     0.999969   0.000728595   -0.00778558      0.219327  -0.000670692      0.999972    0.00743718     -0.367408    0.00779079   -0.00743173      0.999942       1.30933
     0.999988    0.00149967   -0.00467745      0.248447   -0.00148585      0.999995    0.00295532     -0.204997    0.00468186   -0.00294833      0.999985      0.357096
     0.999996     0.0013624   -0.00265355       0.20751   -0.00135788      0.999998    0.00170394     -0.204946    0.00265586   -0.00170033      0.999995      0.247169
     0.999994   0.000921152   -0.00327793      0.212183  -0.000912125      0.999996    0.00275411    -0.0959604    0.00328045   -0.00275111      0.999991      0.271896
     0.999994    0.00102042   -0.00330495      0.211554   -0.00101289      0.999997    0.00227929     -0.103845    0.00330726   -0.00227593      0.999992      0.277669
     0.999995   0.000974811   -0.00314904      0.210888  -0.000966733      0.999996    0.00256582    -0.0333832    0.00315153   -0.00256276      0.999992      0.258204
     0.999995   0.000928006   -0.00297753      0.211808  -0.000922023      0.999998    0.00201025     -0.103641    0.00297939    -0.0020075      0.999994      0.268882
     0.999995   0.000759084   -0.00300236      0.207069  -0.000752895      0.999998    0.00206185    -0.0956238    0.00300392   -0.00205958      0.999993      0.263591
     0.999994   0.000718683   -0.00335563      0.191514    -0.0007072      0.999994    0.00342182    -0.0625095    0.00335806   -0.00341943      0.999989      0.339017
     0.999993   0.000732859   -0.00368718       0.19711    -0.0007159      0.999989    0.00459887    -0.0449048    0.00369051    -0.0045962      0.999983      0.336506
     0.999995    0.00157147   -0.00265712      0.192513   -0.00156348      0.999994    0.00300837    -0.0218702    0.00266183   -0.00300421      0.999992      0.212188
     0.999996     0.0011009    -0.0025969      0.186964   -0.00109308      0.999995    0.00301203     -0.078971     0.0026002   -0.00300918      0.999992      0.247815
     0.999996   0.000714689   -0.00266127      0.178339   -0.00070441      0.999992     0.0038613    -0.0749594    0.00266401   -0.00385941      0.999989       0.27523
     0.999996    0.00145263   -0.00246666      0.180458   -0.00144616      0.999996    0.00262349     -0.075748    0.00247046   -0.00261991      0.999994      0.266835
     0.999996    0.00122261   -0.00272239      0.179241   -0.00121629      0.999997    0.00231999      -0.10879    0.00272521   -0.00231667      0.999994      0.269724
     0.999996    0.00100939   -0.00255005      0.186646   -0.00100292      0.999996    0.00253626    -0.0816028    0.00255261    -0.0025337      0.999994      0.292557
     0.999996    0.00183017   -0.00215574      0.173492   -0.00182322      0.999993    0.00322308       0.04688    0.00216163   -0.00321914      0.999992      0.311441
     0.999996    0.00101256   -0.00272979      0.177697   -0.00100192      0.999992    0.00389354    -0.0667947    0.00273371   -0.00389079      0.999989      0.296027
     0.999995    0.00236694      -0.00201      0.163947   -0.00236228      0.999995    0.00232005     -0.103584    0.00201548   -0.00231529      0.999995       0.16269
     0.999995    0.00160412   -0.00256228      0.164336   -0.00159752      0.999995     0.0025783    -0.0119618     0.0025664   -0.00257419      0.999993       0.17653
     0.999996   0.000328141   -0.00274851      0.149131  -0.000317179      0.999992    0.00398759     0.0247213     0.0027498    -0.0039867      0.999988      0.178181
