# 3dvolreg matrices (DICOM-to-DICOM, row-by-row):
            1             0             0            -0             0             1             0            -0             0             0             1            -0
            1  -0.000291771   0.000353158     0.0044101   0.000291951             1  -0.000510876     0.0297479  -0.000353009   0.000510979             1    -0.0367611
            1  -0.000720935   0.000453305   -0.00393718   0.000721103             1  -0.000370567     0.0650669  -0.000453037   0.000370894             1    -0.0871078
     0.999999   -0.00110682   0.000861038   -0.00736468    0.00110783      0.999999   -0.00116879     0.0660448  -0.000859743    0.00116975      0.999999     -0.100477
     0.999998   -0.00145382   0.000988259   -0.00500911    0.00145476      0.999998  -0.000948886     0.0717107  -0.000986878   0.000950322      0.999999    -0.0976609
     0.999998   -0.00172786    0.00114116   -0.00715736    0.00172996      0.999997   -0.00184066     0.0927651   -0.00113798    0.00184263      0.999998     -0.122675
     0.999998   -0.00168296    0.00113851     0.0016101    0.00168464      0.999997   -0.00147449     0.0809199   -0.00113602    0.00147641      0.999998     -0.113696
     0.999998   -0.00170128    0.00127108   -0.00123202    0.00170345      0.999997   -0.00171058       0.08845   -0.00126817    0.00171274      0.999998     -0.118839
     0.999998   -0.00158525    0.00103528   -0.00386495     0.0015872      0.999997   -0.00188019     0.0867113    -0.0010323    0.00188183      0.999998    -0.0854024
     0.999998   -0.00147122    0.00112236   -0.00245099    0.00147358      0.999997   -0.00210752      0.076472   -0.00111925    0.00210917      0.999997    -0.0935602
     0.999997   -0.00183203    0.00139616   -0.00014276    0.00183495      0.999996   -0.00209119     0.0370636   -0.00139232    0.00209375      0.999997    -0.0981401
     0.999998   -0.00188559    0.00109072    -0.0116621    0.00188815      0.999995   -0.00235384     0.0672438   -0.00108628    0.00235589      0.999997    -0.0926345
     0.999997   -0.00195871    0.00145242   3.20029e-05    0.00196316      0.999993   -0.00306302     0.0662461   -0.00144641    0.00306586      0.999994    -0.0852932
     0.999997   -0.00189626    0.00137971    -0.0066735    0.00189976      0.999995   -0.00253724     0.0693079    -0.0013749    0.00253985      0.999996     -0.110487
     0.999998   -0.00180573    0.00130418     -0.022847    0.00180955      0.999994   -0.00293818      0.059469   -0.00129887    0.00294053      0.999995    -0.0974251
     0.999997   -0.00206419   0.000963805    -0.0208616    0.00206807       0.99999   -0.00404206     0.0236673  -0.000955451    0.00404405      0.999991    -0.0846938
     0.999998   -0.00194845   0.000850964    -0.0430896    0.00195206      0.999989    -0.0042622    -0.0021365   -0.00084265    0.00426385      0.999991    -0.0533305
     0.999998   -0.00169925   0.000964606    -0.0334775    0.00170368      0.999988   -0.00461105   -0.00772594  -0.000956759    0.00461268      0.999989    -0.0691971
     0.999998   -0.00160358   0.000910596    -0.0319472    0.00160798      0.999987   -0.00485333    0.00287464  -0.000902801    0.00485479      0.999988    -0.0844126
     0.999998   -0.00180377    0.00122544    -0.0142116    0.00180916      0.999989   -0.00440627     -0.031981   -0.00121748    0.00440847       0.99999    -0.0759918
     0.999998   -0.00165815    0.00111115    -0.0147281    0.00166397      0.999985   -0.00525851    -0.0221777   -0.00110241    0.00526035      0.999986    -0.0738882
     0.999997    -0.0018663    0.00125877   -0.00944014     0.0018731      0.999984   -0.00541976    -0.0143206   -0.00124864    0.00542211      0.999985    -0.0948118
     0.999997   -0.00197496    0.00141631   -0.00992043    0.00198258      0.999983   -0.00539717    -0.0146952   -0.00140563    0.00539996      0.999984    -0.0757429
     0.999997   -0.00217858    0.00146667   -0.00350295    0.00218676      0.999982   -0.00559938  -0.000113584   -0.00145444    0.00560257      0.999983    -0.0656461
     0.999997   -0.00211303    0.00157719  -4.12372e-05    0.00212228       0.99998   -0.00588218   -0.00160371   -0.00156473    0.00588551      0.999981    -0.0584159
     0.999996   -0.00218262    0.00156252   -0.00371542    0.00219164      0.999981   -0.00579544    -0.0108387   -0.00154984    0.00579885      0.999982    -0.0579693
     0.999996   -0.00219511    0.00152441    0.00446165    0.00220442      0.999979   -0.00613402  -0.000765192   -0.00151091    0.00613735       0.99998    -0.0532805
     0.999996   -0.00202455    0.00177137   0.000318147     0.0020352       0.99998   -0.00603174    -0.0142964   -0.00175912    0.00603532       0.99998    -0.0812652
     0.999995   -0.00233471    0.00191141  -3.32266e-05    0.00234553      0.999981   -0.00567542   -0.00555013   -0.00189812    0.00567988      0.999982    -0.0658667
     0.999996    -0.0022443    0.00178038    0.00202396    0.00225554      0.999977   -0.00633806   0.000119447   -0.00176611    0.00634205      0.999978    -0.0953131
     0.999996    -0.0022019    0.00183898    0.00107587    0.00221397      0.999976   -0.00658851     0.0277144   -0.00182442    0.00659255      0.999977    -0.0922705
     0.999998   -0.00170011    0.00136063   -0.00654302    0.00170904      0.999977   -0.00659324    -0.0379323   -0.00134939    0.00659555      0.999977    -0.0504893
     0.999997   -0.00179776    0.00173011   -0.00848538    0.00181035      0.999972   -0.00729841     0.0073005   -0.00171694    0.00730152      0.999972    -0.0720104
     0.999997   -0.00174018    0.00155248   -0.00413234    0.00175019      0.999978   -0.00647444   -0.00105585   -0.00154118    0.00647714      0.999978    -0.0719136
     0.999997   -0.00172056    0.00149656    0.00464941    0.00173133      0.999972   -0.00722577   -0.00286285   -0.00148408    0.00722835      0.999973    -0.0668993
     0.999997   -0.00162096    0.00161167     0.0155362    0.00163424      0.999964   -0.00826873   -0.00811819   -0.00159821    0.00827135      0.999965    -0.0726249
     0.999997   -0.00176927    0.00160094    0.00512674    0.00178159      0.999969   -0.00772653    -0.0473589   -0.00158722    0.00772936      0.999969    -0.0887113
     0.999997   -0.00198576     0.0017136     0.0121724    0.00199839      0.999971   -0.00740262    -0.0442605   -0.00169885    0.00740602      0.999971    -0.0590846
     0.999997     -0.001685    0.00174153     0.0223185    0.00169845      0.999969   -0.00775329    -0.0434938   -0.00172842    0.00775623      0.999968    -0.0603604
     0.999996   -0.00209805    0.00191456     0.0203944    0.00211147      0.999973   -0.00703826    -0.0473986   -0.00189975    0.00704227      0.999973    -0.0699837
     0.999997   -0.00188048    0.00164859     0.0113161    0.00189225      0.999973   -0.00716648   -0.00339732   -0.00163506    0.00716958      0.999973    -0.0568297
     0.999997   -0.00184467    0.00188781     0.0210845    0.00185864      0.999971   -0.00742499    -0.0312053   -0.00187406    0.00742848      0.999971    -0.0470469
     0.999996   -0.00191283     0.0018929     0.0224929    0.00192594      0.999974   -0.00695218    -0.0210252   -0.00187955     0.0069558      0.999974     -0.064558
     0.999996   -0.00197936    0.00191467     0.0255077     0.0019941      0.999968   -0.00772776    -0.0217107   -0.00189931    0.00773155      0.999968    -0.0354399
     0.999997   -0.00170348    0.00193591     0.0390203    0.00171793       0.99997   -0.00749102    -0.0375484   -0.00192309    0.00749432       0.99997    -0.0672455
     0.999997   -0.00177278    0.00182276     0.0366115    0.00178696      0.999968   -0.00780753    -0.0307761   -0.00180886    0.00781077      0.999968    -0.0367692
     0.999996   -0.00190582    0.00199705     0.0401111    0.00192067       0.99997    -0.0074601     0.0156733   -0.00198278    0.00746391       0.99997    -0.0856372
     0.999996    -0.0019122    0.00208077     0.0409285    0.00192912      0.999965   -0.00816163   -0.00779389   -0.00206509    0.00816561      0.999965    -0.0672408
     0.999996   -0.00196204    0.00220016     0.0337806     0.0019781      0.999971   -0.00732124    -0.0368918   -0.00218573    0.00732556      0.999971    -0.0644241
     0.999996   -0.00209884     0.0020277     0.0424468    0.00211477      0.999967    -0.0078878   -0.00376583   -0.00201107    0.00789205      0.999967    -0.0491367
     0.999996   -0.00190904    0.00205369     0.0368278    0.00192444       0.99997   -0.00752336     -0.012646   -0.00203927    0.00752728       0.99997     -0.052856
     0.999995   -0.00206358    0.00218031     0.0398208    0.00207984       0.99997   -0.00748536    -0.0296335    -0.0021648    0.00748986       0.99997    -0.0574333
     0.999995   -0.00204524    0.00223567       0.03963    0.00206256      0.999968   -0.00777028  -0.000561256    -0.0022197    0.00777486      0.999967    -0.0635493
     0.999996   -0.00202662    0.00217178      0.041249    0.00204289       0.99997   -0.00751512    -0.0231873   -0.00215648    0.00751953      0.999969     -0.061475
     0.999997   -0.00166278    0.00198043     0.0277497    0.00167803      0.999969   -0.00772049    -0.0376103   -0.00196753    0.00772378      0.999968   -0.00327151
     0.999996   -0.00171108    0.00214118      0.035105    0.00172839      0.999966   -0.00810542    -0.0227824   -0.00212723    0.00810909      0.999965    -0.0260471
     0.999997   -0.00163509    0.00194352     0.0258487    0.00165088      0.999965   -0.00814789    -0.0548716   -0.00193013    0.00815107      0.999965     -0.052975
     0.999997   -0.00159535    0.00186552     0.0301074    0.00161124      0.999962   -0.00855213    -0.0467041   -0.00185181    0.00855511      0.999962    -0.0358883
     0.999997   -0.00152027    0.00199185     0.0403438    0.00153642      0.999966   -0.00812848    -0.0333419   -0.00197943    0.00813151      0.999965    -0.0753041
     0.999996   -0.00182337    0.00236525     0.0473999    0.00184247      0.999966   -0.00809883    -0.0531738    -0.0023504    0.00810315      0.999964    -0.0288971
     0.999996   -0.00177513    0.00234366     0.0449598    0.00179437      0.999965   -0.00823271    -0.0204653   -0.00232897    0.00823688      0.999963    -0.0499208
     0.999997   -0.00150976     0.0020988     0.0328092    0.00152572       0.99997   -0.00762465     -0.033679   -0.00208723    0.00762783      0.999969    -0.0366915
     0.999997   -0.00147567    0.00197584     0.0456638    0.00149249      0.999962    -0.0085399    -0.0293893   -0.00196317    0.00854282      0.999962     -0.011988
     0.999996     -0.001513    0.00217949     0.0484127     0.0015312      0.999964   -0.00837014    -0.0369982   -0.00216675    0.00837345      0.999963    -0.0458886
     0.999996   -0.00154201    0.00221878     0.0476535    0.00156155       0.99996   -0.00883169    -0.0541912   -0.00220507    0.00883512      0.999959    -0.0285977
     0.999996   -0.00168271    0.00240045      0.048478    0.00170451      0.999957   -0.00910752    -0.0379355   -0.00238502    0.00911157      0.999956    -0.0260517
     0.999996   -0.00158228    0.00239072     0.0462243    0.00160424      0.999956   -0.00921008    -0.0369283   -0.00237604    0.00921388      0.999955    -0.0595953
     0.999994   -0.00208675    0.00272684     0.0336033    0.00211043       0.99996   -0.00870945    -0.0700597   -0.00270855    0.00871515      0.999958   -0.00540775
     0.999997   -0.00145686    0.00220064     0.0482338    0.00147669      0.999958   -0.00903832    -0.0389468   -0.00218738    0.00904154      0.999957    -0.0314336
     0.999996   -0.00146768    0.00224827     0.0443585    0.00148789      0.999958   -0.00901197    -0.0693555   -0.00223495    0.00901528      0.999957  -1.32749e-05
     0.999996    -0.0016444    0.00237486     0.0479689    0.00166543      0.999959   -0.00888325    -0.0534349   -0.00236016    0.00888716      0.999958   -0.00703902
     0.999996   -0.00163469    0.00247362     0.0386886    0.00165518      0.999964   -0.00830327    -0.0457602   -0.00245996    0.00830733      0.999962     -0.018921
     0.999995   -0.00149658    0.00264418     0.0325212    0.00151832      0.999965    -0.0082393    -0.0337859   -0.00263175    0.00824328      0.999963    -0.0248486
     0.999997   -0.00109291    0.00237349     0.0451042    0.00111464      0.999957   -0.00917553    -0.0425666   -0.00236337    0.00917815      0.999955   -0.00467252
     0.999996   -0.00113046    0.00270009     0.0394333    0.00115471      0.999959   -0.00899662    -0.0570735   -0.00268981     0.0089997      0.999956      0.013248
     0.999996   -0.00106357     0.0025696     0.0364236    0.00108663      0.999959   -0.00898663    -0.0509361   -0.00255993    0.00898938      0.999956    0.00314353
     0.999997  -0.000867172    0.00246725     0.0285369   0.000890805      0.999954   -0.00959388    -0.0539856   -0.00245882    0.00959604      0.999951    -0.0205816
     0.999996   -0.00101243    0.00262131     0.0274497    0.00103735      0.999954   -0.00952628    -0.0968179   -0.00261154    0.00952896      0.999951    0.00753424
     0.999995   -0.00103307     0.0029204     0.0294671    0.00106045      0.999955   -0.00938961    -0.0399764   -0.00291057    0.00939266      0.999952     0.0128805
     0.999996  -0.000800181    0.00252489      0.018227    0.00082528       0.99995   -0.00995555    -0.0864797   -0.00251679     0.0099576      0.999947    0.00815804
     0.999996  -0.000917775    0.00274128     0.0175116   0.000944798      0.999951   -0.00987267    -0.0782151   -0.00273209    0.00987521      0.999948     0.0280395
     0.999996   -0.00089848     0.0025282     0.0185683   0.000923187      0.999952   -0.00978837     -0.056942   -0.00251928    0.00979067      0.999949  -0.000942111
     0.999996   -0.00092451      0.002661     0.0271286    0.00095038      0.999952   -0.00973711    -0.0889082   -0.00265187     0.0097396      0.999949     0.0147853
     0.999997   -0.00067378    0.00245116     0.0217801   0.000696895      0.999955   -0.00944182    -0.0363112   -0.00244469     0.0094435      0.999952     0.0159468
     0.999997  -0.000670905    0.00223213     0.0265046   0.000692738      0.999952   -0.00979459    -0.0667317   -0.00222545    0.00979611       0.99995     0.0296992
     0.999997  -0.000508203    0.00243937     0.0200067   0.000531047      0.999956   -0.00937324    -0.0621659    -0.0024345    0.00937451      0.999953     0.0396423
     0.999998  -0.000162816    0.00215071    0.00601433   0.000181672      0.999962   -0.00877047    -0.0693628    -0.0021492    0.00877084      0.999959     0.0792732
     0.999998   2.64472e-05    0.00209339     0.0182197   -7.1501e-06      0.999958   -0.00921756     -0.111997   -0.00209354    0.00921753      0.999955     0.0881252
     0.999998  -0.000115735    0.00203032        0.0144   0.000135112      0.999954   -0.00954589    -0.0615732   -0.00202912    0.00954615      0.999952     0.0482576
     0.999998  -9.76011e-05    0.00216776     0.0224652   0.000118694      0.999953   -0.00973236    -0.0956365   -0.00216671     0.0097326       0.99995     0.0608056
     0.999997  -0.000132521    0.00225559     0.0223961   0.000153736      0.999956   -0.00940785    -0.0955412   -0.00225424    0.00940817      0.999953     0.0611594
     0.999997  -0.000215839    0.00235091     0.0314264   0.000240044      0.999947    -0.0103006    -0.0751835   -0.00234856     0.0103011      0.999944     0.0583578
     0.999997  -0.000283817    0.00256374     0.0306214   0.000310892      0.999944    -0.0105664     -0.100544    -0.0025606     0.0105672      0.999941     0.0814087
     0.999997   -0.00028932    0.00255808     0.0334874   0.000315123      0.999949    -0.0100921     -0.102753   -0.00255503     0.0100929      0.999946     0.0711327
     0.999997  -0.000148445    0.00245954     0.0371256   0.000175489      0.999939    -0.0109989    -0.0737126   -0.00245776     0.0109993      0.999936     0.0774789
     0.999997  -0.000136565    0.00260099     0.0328911   0.000162765      0.999949    -0.0100757    -0.0974191   -0.00259948     0.0100761      0.999946     0.0548747
     0.999997  -0.000140964    0.00256331     0.0371138   0.000169003       0.99994    -0.0109419    -0.0790041   -0.00256161     0.0109423      0.999937     0.0775884
     0.999997  -0.000111146    0.00247324     0.0240901   0.000136477      0.999948    -0.0102442     -0.101199   -0.00247197     0.0102446      0.999944     0.0641985
     0.999997  -9.92148e-05    0.00246168     0.0311187   0.000125773      0.999942    -0.0107907    -0.0865246   -0.00246047      0.010791      0.999939     0.0844278
     0.999996  -3.88259e-05    0.00272559      0.042406   6.80531e-05      0.999942    -0.0107239     -0.079381   -0.00272502     0.0107241      0.999939     0.0785233
     0.999996  -8.43282e-05    0.00280734     0.0452339   0.000113911      0.999944    -0.0105391     -0.125749    -0.0028063     0.0105393      0.999941      0.077761
     0.999997  -0.000125604    0.00264119     0.0389372   0.000154676      0.999939    -0.0110095    -0.0877139   -0.00263965     0.0110099      0.999936      0.104294
     0.999996  -0.000216689    0.00288011     0.0371006    0.00024503      0.999952   -0.00984351      -0.11623   -0.00287784    0.00984418      0.999947     0.0862689
     0.999997   4.95547e-05    0.00262448     0.0454065  -2.04166e-05      0.999938    -0.0111013    -0.0935954   -0.00262487     0.0111012      0.999935     0.0967613
     0.999996   0.000103877    0.00280335     0.0528376  -7.30605e-05       0.99994    -0.0109906    -0.0967866   -0.00280432     0.0109904      0.999936      0.071823
     0.999996  -6.51085e-05    0.00264894       0.04929    9.3727e-05      0.999942    -0.0108051    -0.0834819   -0.00264808     0.0108053      0.999938     0.0829815
     0.999996    0.00012899    0.00265791      0.043446  -9.99186e-05       0.99994    -0.0109349      -0.12404   -0.00265916     0.0109346      0.999937      0.146099
     0.999996   0.000144417    0.00276516     0.0448124  -0.000114826      0.999943    -0.0106984     -0.107338   -0.00276655      0.010698      0.999939     0.0893248
     0.999996   0.000162601    0.00271357     0.0453315  -0.000133163      0.999941    -0.0108451     -0.105915   -0.00271517     0.0108447      0.999938      0.116946
     0.999996   3.93669e-05    0.00278824     0.0507149      -8.9e-06       0.99994    -0.0109261     -0.106255   -0.00278851      0.010926      0.999936      0.130085
     0.999995   0.000220736    0.00300653     0.0622417  -0.000188125      0.999941    -0.0108425    -0.0966716   -0.00300875     0.0108419      0.999937       0.10608
     0.999996   0.000146536    0.00291143     0.0566685  -0.000114556       0.99994    -0.0109815     -0.120087   -0.00291287     0.0109811      0.999935      0.156508
     0.999996   -5.4909e-05    0.00290992     0.0600638   8.66984e-05       0.99994    -0.0109255     -0.111943   -0.00290914     0.0109257      0.999936      0.134617
     0.999996   6.91393e-05    0.00295219     0.0663007  -3.82139e-05      0.999945    -0.0104742    -0.0874603   -0.00295276      0.010474      0.999941      0.117927
     0.999995  -2.07332e-05    0.00306166     0.0587119   5.35652e-05      0.999942    -0.0107239     -0.112162   -0.00306126      0.010724      0.999938      0.131313
     0.999995   4.25842e-05    0.00317442     0.0717646   -8.2566e-06      0.999942     -0.010813    -0.0759774    -0.0031747      0.010813      0.999936      0.118606
     0.999995  -4.54415e-05    0.00319512      0.069564   7.90725e-05      0.999945    -0.0105264     -0.115918   -0.00319446     0.0105266      0.999939       0.11689
     0.999995  -2.91589e-05    0.00303801     0.0649093   6.34365e-05      0.999936    -0.0112834     -0.117849   -0.00303749     0.0112836      0.999932      0.137196
     0.999996    0.00018079    0.00283301     0.0455273   -0.00015043      0.999943    -0.0107131     -0.119671   -0.00283479     0.0107127      0.999939       0.11395
     0.999997   0.000548504    0.00235088      0.033455  -0.000526188      0.999955   -0.00948301     -0.117963   -0.00235598    0.00948175      0.999952      0.170503
     0.999997   0.000635827    0.00237067     0.0202797  -0.000613637      0.999956   -0.00934936     -0.111358   -0.00237651    0.00934788      0.999953      0.191462
     0.999997   0.000851354     0.0024081     0.0388768  -0.000828037      0.999953   -0.00966722     -0.108602   -0.00241622     0.0096652       0.99995      0.147129
     0.999996   0.000968266    0.00270497     0.0518615  -0.000943405      0.999957    -0.0091771     -0.097365   -0.00271374    0.00917451      0.999954      0.148891
     0.999996   0.000969418    0.00256529     0.0533606  -0.000944708      0.999953   -0.00961624     -0.075928   -0.00257449    0.00961378       0.99995      0.158583
     0.999996   0.000961488    0.00283786     0.0477219  -0.000934295      0.999954   -0.00956797     -0.101482   -0.00284693    0.00956528       0.99995       0.12259
     0.999995    0.00103977    0.00301832     0.0639008   -0.00100828      0.999945    -0.0104166     -0.109069   -0.00302898     0.0104135      0.999941      0.155384
     0.999995    0.00104091    0.00302487     0.0626379   -0.00101187      0.999954   -0.00958834    -0.0952534   -0.00303471    0.00958523      0.999949      0.115477
     0.999995    0.00107971    0.00293717     0.0660632   -0.00105046       0.99995   -0.00994152     -0.102588   -0.00294776    0.00993839      0.999946       0.13628
     0.999994    0.00094165    0.00334541     0.0668686   -0.00090832       0.99995   -0.00995025      -0.10245   -0.00335462    0.00994715      0.999945      0.133017
     0.999994    0.00109792     0.0031356     0.0684452   -0.00106656       0.99995   -0.00998693    -0.0635707   -0.00314641    0.00998354      0.999945      0.115459
     0.999994   0.000925796    0.00326562     0.0698007  -0.000892539      0.999948    -0.0101707     -0.116546   -0.00327486     0.0101677      0.999943      0.137575
     0.999994    0.00103587    0.00323497     0.0682834   -0.00100187      0.999944    -0.0104929    -0.0796183   -0.00324566     0.0104896       0.99994      0.126459
     0.999994    0.00106173    0.00335087     0.0723736   -0.00102739      0.999947    -0.0102335     -0.101742   -0.00336156     0.0102299      0.999942      0.108642
     0.999993    0.00105479    0.00350157     0.0714804   -0.00101802      0.999944    -0.0104882    -0.0993909   -0.00351244     0.0104846      0.999939       0.13277
     0.999994    0.00104107    0.00336254     0.0667355   -0.00100591      0.999945    -0.0104415    -0.0760254   -0.00337323     0.0104381       0.99994       0.10547
     0.999994   0.000969786    0.00346947     0.0681106  -0.000933012      0.999944    -0.0105855     -0.110535   -0.00347954     0.0105821      0.999938      0.122236
     0.999994    0.00083235    0.00339937     0.0681566  -0.000796292      0.999944    -0.0105949    -0.0896681     -0.003408     0.0105921      0.999938      0.104533
     0.999994   0.000726298    0.00339444     0.0666394  -0.000690985      0.999946    -0.0103927    -0.0815841   -0.00340181     0.0103903       0.99994      0.109194
     0.999994   0.000660986    0.00352473     0.0604571  -0.000626452      0.999952   -0.00978952    -0.0851101   -0.00353103    0.00978725      0.999946      0.113779
     0.999994   0.000791494    0.00343062     0.0677077  -0.000757067      0.999949    -0.0100251    -0.0601944   -0.00343838     0.0100224      0.999944     0.0978353
     0.999993   0.000818346    0.00364535     0.0735484  -0.000782469      0.999951   -0.00983265    -0.0851253   -0.00365322    0.00982973      0.999945      0.107651
     0.999994   0.000725764    0.00351457     0.0557008   -0.00069121      0.999952   -0.00982283    -0.0519667   -0.00352153    0.00982033      0.999946      0.101171
     0.999994   0.000760522    0.00348913     0.0600147  -0.000728293      0.999957   -0.00922874    -0.0663058     -0.003496    0.00922614      0.999951     0.0938841
     0.999995   0.000982128     0.0031566      0.030698  -0.000951752      0.999953   -0.00961044     -0.116445   -0.00316589    0.00960738      0.999949      0.131721
     0.999997   0.000587601    0.00241962   -0.00935201    -0.0005682      0.999968   -0.00801132    -0.0111844   -0.00242425    0.00800992      0.999965      0.145166
     0.999996   0.000865549    0.00255606   -0.00302953  -0.000845354      0.999969    -0.0078913    -0.0428125   -0.00256281    0.00788912      0.999966      0.147267
     0.999996   0.000903371    0.00277806     0.0173986  -0.000880172      0.999965   -0.00834063     -0.036108   -0.00278549    0.00833815      0.999961      0.137642
     0.999995   0.000897177    0.00301071     0.0269129  -0.000869789      0.999958   -0.00908574    -0.0745066   -0.00301873    0.00908307      0.999954       0.13807
     0.999995    0.00067285    0.00297376     0.0277718  -0.000647108      0.999962   -0.00864894    -0.0726939   -0.00297947    0.00864698      0.999958      0.116734
     0.999996   0.000711837    0.00272138     0.0184744  -0.000685273      0.999952   -0.00975006    -0.0500117   -0.00272819    0.00974816      0.999949      0.108108
     0.999995   0.000637293    0.00311986     0.0351709  -0.000609047      0.999959   -0.00904607    -0.0725008    -0.0031255    0.00904412      0.999954      0.115537
     0.999995    0.00068295    0.00300821     0.0385769  -0.000653523      0.999952   -0.00977242    -0.0462458   -0.00301474    0.00977041      0.999948     0.0967392
     0.999994    0.00064517     0.0033295     0.0501134  -0.000614873      0.999958   -0.00909255    -0.0559808   -0.00333523    0.00909045      0.999953     0.0887759
     0.999995   0.000627101    0.00305306     0.0436403  -0.000597212      0.999952   -0.00978099    -0.0667857   -0.00305905    0.00977911      0.999948      0.116334
     0.999997   0.000686257    0.00248851     0.0201068  -0.000662772      0.999955   -0.00942604    -0.0429459   -0.00249486    0.00942436      0.999952     0.0777206
     0.999996   0.000723641     0.0028189     0.0306088  -0.000698128      0.999959   -0.00904137    -0.0507298   -0.00282533    0.00903937      0.999955     0.0915717
     0.999996   0.000454018    0.00290144     0.0296398  -0.000426345      0.999954   -0.00953116    -0.0234979   -0.00290564    0.00952988       0.99995     0.0778137
     0.999994   7.21194e-05    0.00346128     0.0478559  -4.07817e-05      0.999959   -0.00905302    -0.0422757   -0.00346179    0.00905282      0.999953     0.0557517
     0.999994   8.34613e-05    0.00338133     0.0591441  -5.14384e-05      0.999955    -0.0094695     0.0126331   -0.00338196    0.00946927      0.999949      0.046594
     0.999994   0.000218755      0.003354     0.0574533  -0.000186705      0.999954     -0.009553    -0.0374259   -0.00335593    0.00955232      0.999949     0.0870647
     0.999995   0.000113277    0.00326685     0.0462453  -8.45011e-05      0.999961   -0.00880713     -0.037618   -0.00326772     0.0088068      0.999956     0.0605952
     0.999995   0.000276095    0.00309772     0.0552146  -0.000246587      0.999955   -0.00952205   -0.00516542    -0.0031002    0.00952124       0.99995     0.0654856
     0.999994   0.000295863    0.00338156      0.059681  -0.000265126      0.999959   -0.00908636    -0.0228444   -0.00338411    0.00908541      0.999953     0.0824781
     0.999995   0.000355427    0.00317645     0.0520883  -0.000327203      0.999961   -0.00888131   -0.00797246   -0.00317948    0.00888023      0.999956     0.0633907
     0.999995    0.00028946     0.0032491     0.0636809  -0.000259381      0.999957   -0.00925407     0.0110046   -0.00325164    0.00925318      0.999952     0.0570061
     0.999994   0.000127975    0.00335372     0.0611254  -9.78277e-05       0.99996   -0.00898774     -0.022753   -0.00335473    0.00898736      0.999954      0.081927
     0.999994    9.0791e-05    0.00336073     0.0670456  -6.04596e-05      0.999959   -0.00902426     0.0145303   -0.00336141    0.00902401      0.999954     0.0390345
     0.999994  -7.87517e-06    0.00348107     0.0693132   3.85763e-05      0.999961   -0.00881947    0.00390525   -0.00348087    0.00881955      0.999955      0.039306
     0.999994   4.47182e-06    0.00347315     0.0672937    2.6522e-05       0.99996   -0.00892375     -0.019662   -0.00347305    0.00892379      0.999954     0.0717681
     0.999994   0.000180285    0.00342131     0.0666606  -0.000149495       0.99996   -0.00899737    0.00821889   -0.00342279    0.00899681      0.999954     0.0737657
     0.999996   0.000819858    0.00261501       0.03884  -0.000799301      0.999969   -0.00785231    -0.0506001   -0.00262136    0.00785019      0.999966      0.102733
     0.999996   0.000915455    0.00253426     0.0202199  -0.000893651      0.999963   -0.00859161    -0.0217496   -0.00254204    0.00858932       0.99996      0.139075
     0.999995   0.000697465    0.00294635     0.0191148  -0.000672705      0.999965    -0.0083964   -0.00227218    -0.0029521    0.00839438       0.99996     0.0882905
     0.999995   0.000654277    0.00299716      0.020257  -0.000629307      0.999965   -0.00832452    -0.0106725   -0.00300251     0.0083226      0.999961     0.0797102
     0.999996   0.000806106    0.00284656     0.0203851  -0.000780065      0.999958   -0.00913727     0.0125879   -0.00285381    0.00913501      0.999954     0.0765885
     0.999994   0.000729469    0.00332757     0.0282751  -0.000701488      0.999964   -0.00840229    -0.0305517   -0.00333358     0.0083999      0.999959      0.105657
     0.999995   0.000945601    0.00296184     0.0241573  -0.000918901      0.999959   -0.00900306   -0.00793368   -0.00297023     0.0090003      0.999955     0.0926149
     0.999994   0.000797766    0.00336959     0.0383216   -0.00076656      0.999957   -0.00925218    -0.0273089   -0.00337682    0.00924954      0.999952     0.0977273
     0.999994    0.00091789    0.00334694      0.029395  -0.000888187       0.99996   -0.00886536   -0.00964782   -0.00335494    0.00886233      0.999955     0.0845777
     0.999994   0.000967199     0.0032744     0.0223522  -0.000935756      0.999954   -0.00959065    -0.0158133   -0.00328352    0.00958753      0.999949      0.105739
     0.999994   0.000976798    0.00336201     0.0206971  -0.000948192      0.999963   -0.00849972    -0.0505935   -0.00337019    0.00849648      0.999958     0.0724959
     0.999994    0.00100585     0.0033546     0.0292039  -0.000973425      0.999953   -0.00965238    -0.0161465   -0.00336415    0.00964906      0.999948      0.104485
     0.999994    0.00101609    0.00340518     0.0248098  -0.000985604       0.99996   -0.00894347    -0.0362102   -0.00341413    0.00894006      0.999954     0.0827545
     0.999993    0.00100302    0.00348569     0.0328571  -0.000970317      0.999956    -0.0093712    -0.0192124   -0.00349494    0.00936775       0.99995      0.121094
     0.999993   0.000914342    0.00354497     0.0291089  -0.000882102      0.999958   -0.00908526    -0.0231705   -0.00355313    0.00908207      0.999952       0.11836
     0.999993      0.001038    0.00352152     0.0173274   -0.00100898      0.999966   -0.00823281    -0.0544637   -0.00352995     0.0082292       0.99996      0.156466
     0.999994    0.00139637    0.00318732     0.0210809   -0.00136855      0.999961   -0.00871148   -0.00392217   -0.00319936    0.00870706      0.999957      0.137429
     0.999993    0.00129149    0.00342269      0.027152   -0.00126253      0.999964   -0.00844937   -0.00419939   -0.00343347    0.00844499      0.999958     0.0972143
     0.999992    0.00158301    0.00354376      0.025696   -0.00155146      0.999959   -0.00888798    -0.0213199   -0.00355769    0.00888241      0.999954      0.146645
     0.999993    0.00143129    0.00343014     0.0308505   -0.00140304      0.999965   -0.00822378   -0.00846963   -0.00344179    0.00821891       0.99996      0.116342
     0.999993    0.00143299    0.00353735     0.0266674   -0.00140117      0.999959    -0.0089809    -0.0402675   -0.00355007    0.00897588      0.999953      0.149287
     0.999992    0.00123174    0.00372914     0.0294171   -0.00119876       0.99996   -0.00883256    0.00189356   -0.00373987    0.00882803      0.999954      0.148783
     0.999993    0.00133552    0.00353932     0.0244981    -0.0013027      0.999956   -0.00926087    -0.0114464   -0.00355154    0.00925619      0.999951      0.132339
     0.999992    0.00131319    0.00370487     0.0213238   -0.00127905      0.999957   -0.00920297    -0.0452537   -0.00371679    0.00919816      0.999951      0.157697
     0.999993    0.00147038    0.00339739     0.0170893   -0.00143862      0.999955   -0.00933223    -0.0243335   -0.00341096    0.00932728      0.999951      0.141063
     0.999992     0.0014316    0.00365653     0.0152181   -0.00139915       0.99996    -0.0088618    -0.0347492   -0.00366907    0.00885661      0.999954      0.165037
     0.999992     0.0014884    0.00364368     0.0120993   -0.00145632       0.99996   -0.00879164    -0.0241522   -0.00365663    0.00878627      0.999955      0.154882
     0.999992       0.00156    0.00369495     0.0216461   -0.00152613      0.999957   -0.00915306    -0.0202847   -0.00370907    0.00914734      0.999951      0.147078
     0.999992    0.00154784    0.00362623     0.0164406   -0.00151638      0.999961   -0.00866481     -0.018889    -0.0036395    0.00865924      0.999956      0.134799
     0.999992    0.00153954     0.0036996     0.0230392   -0.00150428      0.999954   -0.00951618   -0.00443954   -0.00371408    0.00951053      0.999948      0.150145
     0.999992    0.00146549    0.00358819    0.00145052   -0.00143379       0.99996   -0.00881981    -0.0399654   -0.00360097     0.0088146      0.999955      0.133253
     0.999993    0.00154751    0.00352078   -0.00435328   -0.00151526      0.999957   -0.00914444    -0.0225703   -0.00353478    0.00913904      0.999952      0.172942
     0.999993    0.00140991    0.00353636   0.000306966   -0.00137922      0.999961     -0.008666    -0.0119844   -0.00354844    0.00866106      0.999956      0.154898
     0.999992     0.0013251    0.00373439   0.000349675    -0.0012932      0.999963   -0.00853234    -0.0202163   -0.00374556    0.00852744      0.999957      0.179804
     0.999992    0.00137621    0.00369335    0.00896811   -0.00134192      0.999956   -0.00927069    -0.0117354   -0.00370595    0.00926566       0.99995      0.190391
     0.999992    0.00157283    0.00363803   -0.00467987   -0.00154175      0.999962   -0.00852901    -0.0569248   -0.00365131    0.00852333      0.999957      0.182959
     0.999992     0.0015875    0.00364717   -0.00316472   -0.00155437      0.999958   -0.00906885    -0.0239291   -0.00366142    0.00906311      0.999952       0.19876
     0.999992    0.00152948    0.00373376    0.00216201   -0.00149624      0.999959   -0.00888976    -0.0208635   -0.00374721     0.0088841      0.999954       0.16316
     0.999991    0.00146307    0.00401172    0.00605805   -0.00142852      0.999962   -0.00860277    -0.0275631   -0.00402415    0.00859696      0.999955      0.199954
     0.999991    0.00157021     0.0038545   0.000903228   -0.00153711      0.999962   -0.00857541   -0.00932551   -0.00386782    0.00856941      0.999956      0.183103
     0.999991    0.00157522    0.00398509    0.00352992   -0.00154154      0.999963   -0.00844061    -0.0180403   -0.00399824    0.00843439      0.999956      0.181965
     0.999991    0.00155306    0.00388857   0.000616657   -0.00152079      0.999965   -0.00828637    -0.0280258    -0.0039013    0.00828039      0.999958      0.186447
     0.999991    0.00139342    0.00401725    0.00647599   -0.00135998      0.999964    -0.0083157     -0.011024    -0.0040287    0.00831016      0.999957      0.199328
     0.999992    0.00134235    0.00380614    -0.0132569   -0.00131325       0.99997   -0.00763959    -0.0853809   -0.00381628    0.00763453      0.999964      0.239046
     0.999991    0.00134536    0.00393419    0.00421252   -0.00130945      0.999958   -0.00911485     0.0219149   -0.00394629    0.00910962      0.999951      0.206933
      0.99999    0.00123775    0.00424437    0.00152506   -0.00120134      0.999963   -0.00856887    -0.0756486   -0.00425481    0.00856369      0.999954      0.228903
     0.999991    0.00142177     0.0040646    0.00362544   -0.00138603       0.99996   -0.00878365     -0.019314   -0.00407693    0.00877793      0.999953      0.200511
      0.99999    0.00137024    0.00415547      0.010105   -0.00133323       0.99996   -0.00889379     -0.034988   -0.00416749    0.00888816      0.999952      0.184387
     0.999991    0.00126009    0.00411674   0.000724497   -0.00122497      0.999963   -0.00852393    -0.0650516   -0.00412733    0.00851881      0.999955       0.24851
      0.99999    0.00113696     0.0043932    0.00739247   -0.00109952      0.999963   -0.00851552    -0.0355484   -0.00440272     0.0085106      0.999954      0.244811
     0.999991    0.00126894     0.0041131    -0.0075455   -0.00123472      0.999965   -0.00831271    -0.0524281    -0.0041235    0.00830756      0.999957      0.231087
     0.999991    0.00135408    0.00409865   -0.00469945   -0.00131745      0.999959   -0.00892662    -0.0608758   -0.00411057    0.00892114      0.999952      0.266966
     0.999992    0.00107183    0.00397419   -0.00748004   -0.00103717      0.999961   -0.00871339    -0.0612857   -0.00398338    0.00870919      0.999954      0.274196
     0.999991    0.00120435    0.00409963   -0.00308761   -0.00116838      0.999961   -0.00876474    -0.0709623   -0.00411002    0.00875987      0.999953      0.288577
     0.999991    0.00095105    0.00420512  -0.000851585  -0.000911324      0.999955   -0.00943888    -0.0474204   -0.00421391    0.00943496      0.999947       0.27428
      0.99999    0.00108996    0.00426241   -0.00233146   -0.00105275      0.999961     -0.008721    -0.0436668   -0.00427175    0.00871643      0.999953      0.258939
     0.999991    0.00119218    0.00407725   -0.00592295   -0.00115426      0.999956   -0.00929061    -0.0511948   -0.00408815    0.00928582      0.999949      0.261209
     0.999991    0.00130497    0.00399265   -0.00531812   -0.00126963       0.99996   -0.00884175    -0.0439992   -0.00400403     0.0088366      0.999953      0.234761
      0.99999    0.00131789    0.00431909   -0.00412629   -0.00128146      0.999964   -0.00842733    -0.0519397   -0.00433004    0.00842171      0.999955      0.257967
      0.99999    0.00129505    0.00427497   -0.00191573   -0.00125731       0.99996   -0.00881874    -0.0485494   -0.00428623    0.00881327      0.999952      0.265976
     0.999993    0.00205609    0.00323322   -0.00812237     -0.002034      0.999975   -0.00682023  -0.000660927   -0.00324716     0.0068136      0.999972      0.199121
     0.999992    0.00285964    0.00282652    0.00509127   -0.00284135      0.999975   -0.00645391    0.00442821    -0.0028449    0.00644583      0.999975      0.211145
     0.999992     0.0025248    0.00317994    0.00367898   -0.00250354      0.999975   -0.00667346     0.0168596    -0.0031967    0.00666545      0.999973      0.159923
     0.999991    0.00269557    0.00337492    0.00201123   -0.00267217      0.999973   -0.00691709   -0.00470882   -0.00339347    0.00690801       0.99997      0.189254
     0.999991    0.00265868    0.00334778    0.00397719   -0.00263493      0.999971   -0.00707956     0.0225293   -0.00336651    0.00707068      0.999969      0.166388
     0.999991    0.00247389    0.00352999   -0.00010943   -0.00244773       0.99997   -0.00739715    0.00737061   -0.00354819    0.00738844      0.999966      0.205328
     0.999991    0.00257788    0.00338338   -0.00443102   -0.00255324       0.99997   -0.00726745    0.00185894   -0.00340201    0.00725875      0.999968       0.17726
