# 3dvolreg matrices (DICOM-to-DICOM, row-by-row):
            1             0             0            -0             0             1             0            -0             0             0             1            -0
            1   -0.00033547  -4.69863e-05   -0.00048937   0.000335462             1  -0.000160908     0.0818537   4.70402e-05   0.000160892             1    -0.0154949
     0.999934     0.0105512   -0.00449036   -0.00359026    -0.0105265       0.99993    0.00548247     -0.168121    0.00454789   -0.00543485      0.999975     0.0471946
     0.999825      0.017955   -0.00532945     -0.231159    -0.0179163      0.999813    0.00721624     -0.475841    0.00545803   -0.00711949       0.99996      0.404972
     0.999851     0.0166443   -0.00450704     -0.217091       -0.0166      0.999815    0.00971011     -0.450981    0.00466783   -0.00963385      0.999943      0.361358
     0.999862     0.0160048   -0.00453572     -0.197548      -0.01596      0.999825    0.00974578     -0.323345     0.0046909   -0.00967204      0.999942      0.326711
     0.999866     0.0156868   -0.00468858      -0.20346    -0.0156379      0.999825     0.0103018     -0.530036    0.00484936    -0.0102271      0.999936      0.401989
     0.999878     0.0149169   -0.00462421     -0.206307     -0.014866      0.999831     0.0108439     -0.457717    0.00478519    -0.0107738      0.999931      0.401611
     0.999885     0.0144049   -0.00466591     -0.206245    -0.0143622      0.999856     0.0090622     -0.375619    0.00479577   -0.00899415      0.999948      0.408318
      0.99989     0.0140877   -0.00471614     -0.192609    -0.0140376      0.999846     0.0104858     -0.348973    0.00486314    -0.0104184      0.999934      0.311453
     0.999901     0.0133369   -0.00439433     -0.203616     -0.013294      0.999865    0.00965078     -0.286059    0.00452245   -0.00959141      0.999944      0.325295
     0.999908     0.0128721   -0.00418259     -0.229113    -0.0128289      0.999866     0.0102097     -0.424767    0.00431345    -0.0101551      0.999939      0.373778
     0.999909     0.0128297   -0.00425859     -0.237595    -0.0127859      0.999867     0.0101593     -0.434464    0.00438836    -0.0101039      0.999939       0.39687
     0.999909     0.0128342   -0.00416583     -0.235981      -0.01279      0.999863     0.0104773     -0.454147    0.00429973     -0.010423      0.999936       0.38948
      0.99991     0.0127581   -0.00412025     -0.239075    -0.0127134      0.999862     0.0106849     -0.459139      0.004256    -0.0106316      0.999934      0.382701
     0.999912     0.0126257   -0.00407817     -0.245156    -0.0125831      0.999868     0.0103189     -0.458526    0.00420791    -0.0102667      0.999938      0.384241
     0.999912     0.0124759   -0.00445253     -0.245171    -0.0124252       0.99986     0.0112304     -0.353621    0.00459201    -0.0111741      0.999927       0.34154
     0.999891     0.0140736   -0.00456842     -0.223446    -0.0140244      0.999845     0.0106201    -0.0730626    0.00471718    -0.0105549      0.999933      0.154569
     0.999841     0.0170898   -0.00508445     -0.213751    -0.0170421      0.999812    0.00928511     -0.149216    0.00524217   -0.00919699      0.999944      0.156112
     0.999867     0.0157567   -0.00423202     -0.252599    -0.0157216      0.999843    0.00819251     -0.643603    0.00436044   -0.00812489      0.999957      0.397539
     0.999824     0.0175603   -0.00653341     -0.248246    -0.0174991      0.999804    0.00930784     -0.457395    0.00669557   -0.00919187      0.999935      0.381667
     0.999822     0.0178667   -0.00608591      -0.22858     -0.017785      0.999754     0.0132326     -0.649932    0.00632084     -0.013122      0.999894       0.50175
     0.999848     0.0166434   -0.00517436     -0.211383    -0.0165803       0.99979     0.0120059     -0.452588    0.00537309    -0.0119183      0.999915      0.447295
     0.999853     0.0163112   -0.00521021     -0.211713    -0.0162558      0.999813     0.0105053     -0.572586    0.00538058     -0.010419      0.999931      0.469808
     0.999839     0.0170566   -0.00561238     -0.191664    -0.0169943      0.999796     0.0109582     -0.215969    0.00579814    -0.0108611      0.999924      0.190367
     0.999843     0.0168298   -0.00557589     -0.197115    -0.0167686        0.9998     0.0108528     -0.300134    0.00575743    -0.0107576      0.999926      0.223884
     0.999858     0.0158888   -0.00566656     -0.223234    -0.0158269      0.999816     0.0108107     -0.366574    0.00583729    -0.0107195      0.999926      0.289459
     0.999866     0.0153054   -0.00576642     -0.239453    -0.0152442      0.999829      0.010514      -0.36691    0.00592635    -0.0104247      0.999928      0.295141
      0.99987     0.0151484   -0.00553835     -0.252619    -0.0150936      0.999838    0.00980246     -0.410692    0.00568595   -0.00971759      0.999937      0.294807
     0.999871     0.0150345   -0.00560508     -0.246999    -0.0149812      0.999843    0.00944463     -0.389852     0.0057462   -0.00935945       0.99994         0.305
     0.999873      0.014883   -0.00561611     -0.249076    -0.0148291      0.999845    0.00951282     -0.427615    0.00575681   -0.00942833      0.999939      0.323893
     0.999889     0.0137284   -0.00582495     -0.223756    -0.0136804      0.999873    0.00820946     -0.341156    0.00593691   -0.00812886      0.999949      0.354779
      0.99983     0.0160937   -0.00902475     -0.277089    -0.0159818      0.999796     0.0123425     -0.162722    0.00922154    -0.0121962      0.999883      0.170884
     0.999691     0.0228899   -0.00965197     -0.394351    -0.0227219      0.999594     0.0171714     -0.596294     0.0100411    -0.0169468      0.999806      0.280628
     0.999813      0.016895   -0.00941195     -0.424792    -0.0167739      0.999777     0.0128025      -0.70111    0.00962615    -0.0126422      0.999874      0.494745
     0.999799     0.0176982   -0.00945216     -0.403723    -0.0175607      0.999742      0.014439     -0.474551    0.00970526    -0.0142701      0.999851      0.430035
     0.999793     0.0178951   -0.00965125     -0.405511    -0.0177556      0.999739     0.0143538     -0.619672    0.00990559    -0.0141795       0.99985      0.462765
     0.999811     0.0170046   -0.00943595     -0.395221    -0.0168574      0.999738     0.0154664     -0.656985    0.00969648    -0.0153044      0.999836      0.487338
     0.999818     0.0166873   -0.00927888     -0.393691     -0.016556      0.999764     0.0140482     -0.615873    0.00951111     -0.013892      0.999858       0.53231
     0.999815     0.0168279   -0.00936465     -0.382067    -0.0167156      0.999789     0.0119476     -0.286609    0.00956373    -0.0117888      0.999885      0.339755
     0.999812     0.0168535   -0.00956175     -0.395591     -0.016751      0.999802     0.0107025     -0.170352    0.00974024    -0.0105403      0.999897      0.247931
     0.999814     0.0167798   -0.00949596     -0.415397    -0.0166782      0.999804     0.0106717     -0.390665    0.00967317    -0.0105113      0.999898      0.307722
     0.999825     0.0160678   -0.00961718     -0.426407    -0.0159647      0.999815     0.0107019     -0.369935    0.00978736    -0.0105465      0.999896      0.327877
     0.999827     0.0159162   -0.00958511     -0.420237    -0.0158145      0.999819     0.0105887     -0.396633    0.00975191    -0.0104353      0.999898      0.351884
     0.999831     0.0157029   -0.00960361     -0.411762    -0.0155994       0.99982       0.01076     -0.427469    0.00977085    -0.0106084      0.999896      0.364992
     0.999829     0.0156314   -0.00985722     -0.403919    -0.0155302      0.999827      0.010267     -0.447217      0.010016    -0.0101121      0.999899      0.371688
     0.999843     0.0145287    -0.0101153     -0.390987    -0.0144293      0.999848    0.00982564      -0.49023     0.0102565   -0.00967814      0.999901      0.565162
     0.999819     0.0155929    -0.0109294     -0.333478    -0.0154904      0.999836    0.00939823     -0.302462     0.0110741   -0.00922723      0.999896      0.495632
     0.999736     0.0198862    -0.0115377     -0.309972    -0.0197236      0.999707     0.0140386      -0.47492     0.0118135    -0.0138074      0.999835      0.541904
      0.99976     0.0192036      -0.01053     -0.302014     -0.019041      0.999701     0.0153299     -0.756271     0.0108212    -0.0151258      0.999827       0.65417
     0.999775      0.018823   -0.00979476     -0.309772    -0.0186921      0.999737     0.0132879     -0.573043     0.0100423    -0.0131018      0.999864      0.657547
      0.99977     0.0190645   -0.00986613     -0.309656    -0.0189394      0.999741     0.0126212     -0.583081     0.0101042    -0.0124315      0.999872      0.678784
      0.99977     0.0190541    -0.0098054     -0.297503     -0.018916      0.999723     0.0139884     -0.597522     0.0100692    -0.0137997      0.999854      0.645129
     0.999759     0.0196271   -0.00985058      -0.30286    -0.0195002      0.999728     0.0128211      -0.55319     0.0100995    -0.0126259      0.999869      0.640619
     0.999756     0.0198226    -0.0097476     -0.310208     -0.019697      0.999724     0.0128101     -0.353173    0.00999884    -0.0126149       0.99987      0.415187
     0.999765     0.0194361   -0.00958648     -0.300926    -0.0193185      0.999739     0.0122185     -0.334067    0.00982146    -0.0120304      0.999879      0.440393
     0.999786     0.0185604   -0.00916078     -0.298307    -0.0184384      0.999743     0.0132272     -0.457675    0.00940393    -0.0130555      0.999871      0.476521
     0.999787     0.0183672   -0.00936462     -0.294927    -0.0182415      0.999745     0.0133416     -0.471828    0.00960728     -0.013168      0.999867      0.497492
     0.999779     0.0187597   -0.00943812     -0.282936    -0.0186323      0.999737     0.0134052     -0.503686    0.00968712    -0.0132264      0.999866      0.507955
     0.999775     0.0190101   -0.00937189      -0.26505    -0.0188871      0.999737     0.0130367     -0.519934    0.00961725    -0.0128568      0.999871       0.51493
      0.99978     0.0187927   -0.00934341     -0.269152    -0.0186707      0.999741     0.0129767     -0.555371    0.00958486    -0.0127994      0.999872      0.527877
     0.999813     0.0169083     -0.009427      -0.32692    -0.0167852      0.999775      0.012991     -0.639917    0.00964453    -0.0128304      0.999871      0.729435
     0.999784     0.0182202    -0.0100161     -0.290591    -0.0180998      0.999764     0.0119869     -0.387082     0.0102321     -0.011803      0.999878      0.582463
     0.999767     0.0193384   -0.00962373     -0.299527     -0.019218      0.999738     0.0124442     -0.356285    0.00986186    -0.0122563      0.999876      0.457023
     0.999761     0.0197236   -0.00944673     -0.303027    -0.0196034      0.999728     0.0126547     -0.846802    0.00969376    -0.0124664      0.999875      0.746008
     0.999781      0.018803   -0.00922985     -0.322369     -0.018682      0.999741      0.013023      -0.82272    0.00947233    -0.0128477      0.999873       0.84674
     0.999788      0.018624   -0.00873564     -0.308425    -0.0185042      0.999736     0.0136018     -0.620788    0.00898665    -0.0134373      0.999869       0.75311
     0.999778     0.0191998   -0.00864403     -0.300536    -0.0190839      0.999729     0.0132994     -0.767711    0.00889704    -0.0131315      0.999874      0.780054
     0.999774     0.0194928   -0.00849819     -0.281658    -0.0193779      0.999722     0.0133988     -0.722729    0.00875701    -0.0132311      0.999874      0.731293
     0.999767     0.0198709   -0.00839036     -0.265492    -0.0197806      0.999747     0.0107098     -0.181475    0.00860105    -0.0105413      0.999907       0.41983
     0.999765      0.020002   -0.00839242     -0.249716    -0.0199248      0.999759    0.00917498     -0.348613    0.00857392    -0.0090056      0.999923      0.496913
     0.999778     0.0192437   -0.00859889     -0.268359    -0.0191648      0.999774    0.00916819     -0.509374    0.00877338   -0.00900135      0.999921      0.553722
     0.999766     0.0196403   -0.00911751     -0.275001    -0.0195538      0.999764    0.00948195     -0.559439    0.00930159   -0.00930145      0.999913      0.568148
     0.999768     0.0194781   -0.00919649     -0.280623    -0.0193926      0.999769    0.00929948     -0.573304     0.0093755   -0.00911898      0.999914      0.596962
     0.999762     0.0198086   -0.00919305     -0.276826     -0.019719      0.999758    0.00974141       -0.5951    0.00938379   -0.00955781       0.99991      0.614685
     0.999756      0.020085   -0.00917096     -0.271943    -0.0200006      0.999758    0.00920681     -0.539441    0.00935366   -0.00902114      0.999916      0.614455
     0.999778     0.0188676   -0.00939426     -0.313973    -0.0187878      0.999787    0.00850247     -0.750744    0.00955269   -0.00832408       0.99992      0.896116
     0.999762     0.0192526    -0.0103007     -0.307295    -0.0191994      0.999802     0.0052342     -0.543777     0.0103994   -0.00503519      0.999933      0.842564
     0.999723     0.0215301   -0.00955664     -0.315439    -0.0214813      0.999756    0.00518049     -0.566541    0.00966584   -0.00497376      0.999941      0.798516
