# 3dvolreg matrices (DICOM-to-DICOM, row-by-row):
            1             0             0            -0             0             1             0            -0             0             0             1            -0
            1  -7.41116e-05   0.000284541   -0.00335042   7.41382e-05             1  -9.37871e-05    -0.0018586  -0.000284534   9.38082e-05             1     0.0388384
            1    0.00018637   0.000504464    0.00106668  -0.000186489             1   0.000235555    -0.0289144  -0.000504421  -0.000235649             1     0.0418433
            1   0.000323066   0.000401265    0.00185597  -0.000323053             1  -3.22045e-05    -0.0197107  -0.000401276   3.20749e-05             1     0.0462827
            1   0.000154566   0.000688634    0.00186023  -0.000154861             1   0.000429086    -0.0393352  -0.000688568  -0.000429193             1     0.0724279
            1   5.89624e-05    0.00069195    0.00206711  -5.93203e-05             1   0.000517112    -0.0246068   -0.00069192  -0.000517153             1     0.0769866
            1   0.000315217   0.000706411   -0.00326785  -0.000315328             1   0.000156118     0.0478659  -0.000706362  -0.000156341             1     0.0929587
            1   0.000206872   0.000773732    0.00454347   -0.00020744             1   0.000734919    -0.0517704  -0.000773579  -0.000735079      0.999999      0.076583
            1   0.000106007   0.000835624     0.0106352  -0.000106672             1   0.000795384    -0.0306691  -0.000835539  -0.000795473      0.999999     0.0991399
     0.999999   0.000650537      0.001326    0.00684771   -0.00065197      0.999999     0.0010803    -0.0120996    -0.0013253   -0.00108116      0.999999      0.052721
     0.999999   0.000376734    0.00123846    0.00916213  -0.000377656             1   0.000744504    -0.0414665   -0.00123818  -0.000744971      0.999999     0.0500163
     0.999999    0.00031912    0.00145244    0.00398172  -0.000320596      0.999999    0.00101624     -0.031212   -0.00145211   -0.00101671      0.999998     0.0733917
     0.999999   0.000711742    0.00149747     0.0092368  -0.000713861      0.999999    0.00141479    -0.0714092   -0.00149646   -0.00141586      0.999998     0.0525875
     0.999999   0.000703781    0.00153248    0.00467605  -0.000705383      0.999999    0.00104505    -0.0389627   -0.00153174   -0.00104613      0.999998     0.0390967
     0.999998   0.000728044    0.00165223   -0.00256109  -0.000729958      0.999999    0.00115792    -0.0543978   -0.00165139   -0.00115912      0.999998     0.0652747
     0.999999   0.000890801    0.00146948    0.00307796  -0.000893109      0.999998    0.00157048  -0.000736016   -0.00146808   -0.00157179      0.999998     0.0522486
     0.999999   0.000914942    0.00142022    0.00239172  -0.000916757      0.999999    0.00127781    -0.0794647   -0.00141905   -0.00127911      0.999998     0.0272554
     0.999998   0.000769027    0.00165473   -0.00367959  -0.000771721      0.999998    0.00162831    -0.0494216   -0.00165347   -0.00162958      0.999997     0.0669335
     0.999998   0.000892497    0.00172314  -4.64823e-06  -0.000895517      0.999998     0.0017531    -0.0700259   -0.00172157   -0.00175464      0.999997     0.0246331
     0.999998   0.000690613    0.00168462   -0.00870346  -0.000693061      0.999999    0.00145318    -0.0739521   -0.00168362   -0.00145435      0.999998     0.0101705
     0.999998   0.000339119     0.0017691    0.00341992   -0.00034231      0.999998    0.00180349     -0.137206   -0.00176849   -0.00180409      0.999997     0.0311797
     0.999998   0.000556166    0.00203973   -0.00397144  -0.000558939      0.999999    0.00135888     -0.110731   -0.00203897   -0.00136002      0.999997     0.0104155
     0.999998   0.000595664    0.00196828   -0.00412071  -0.000597893      0.999999    0.00113218     -0.035184    -0.0019676   -0.00113335      0.999997     0.0368317
     0.999998   0.000278909    0.00196301   -0.00109724  -0.000281073      0.999999    0.00110199    -0.0578279   -0.00196271   -0.00110254      0.999997     0.0595528
     0.999998   -5.0406e-05    0.00202045    0.00357615   4.73585e-05      0.999999    0.00150835   -0.00747948   -0.00202052   -0.00150825      0.999997     0.0680773
     0.999998    0.00014908    0.00204291    0.00311729  -0.000151841      0.999999    0.00135116     0.0683419   -0.00204271   -0.00135147      0.999997     0.0448039
     0.999998   6.67891e-05    0.00207786    0.00179227  -6.90966e-05      0.999999    0.00111046    -0.0465316   -0.00207779    -0.0011106      0.999997     0.0507131
     0.999998   -9.3055e-05     0.0017761    0.00222332   8.99716e-05      0.999998    0.00173608    -0.0854614   -0.00177626   -0.00173592      0.999997     0.0453898
     0.999999  -6.20115e-05    0.00140939   -0.00252382   5.98969e-05      0.999999    0.00150036    -0.0546159   -0.00140948   -0.00150028      0.999998     0.0281895
     0.999999   -0.00019602      0.001223    0.00131633   0.000193829      0.999998    0.00179168    -0.0367016   -0.00122335   -0.00179145      0.999998     0.0632719
     0.999999   -0.00023487    0.00106102    0.00439143   0.000232781      0.999998    0.00196946    -0.0606354   -0.00106148   -0.00196921      0.999997     0.0403505
     0.999999   -0.00013717    0.00107759  -0.000527186   0.000134895      0.999998    0.00211151     -0.113686   -0.00107787   -0.00211136      0.999997     0.0405792
            1   -8.4012e-05   0.000994985   -0.00897126   8.20314e-05      0.999998     0.0019904    -0.0383334   -0.00099515   -0.00199032      0.999998   0.000169449
     0.999999  -7.82867e-05    0.00110842   -0.00972867   7.64324e-05      0.999999    0.00167292    -0.0714526   -0.00110855   -0.00167283      0.999998     0.0150027
            1  -0.000279734   0.000916275   -0.00764109   0.000277905      0.999998     0.0019954    -0.0953041  -0.000916831   -0.00199514      0.999998     0.0606794
            1  -7.17288e-05   0.000777863   -0.00916531   6.98176e-05      0.999997    0.00245671    -0.0472299  -0.000778037   -0.00245666      0.999997     0.0502575
            1  -6.88235e-05   0.000551126    -0.0103077   6.77462e-05      0.999998    0.00195461   -0.00947491  -0.000551259   -0.00195457      0.999998     0.0245417
            1  -0.000638171   0.000576461    -0.0122612    0.00063683      0.999997    0.00232368    -0.0785064  -0.000577942   -0.00232331      0.999997     0.0493868
            1  -0.000722564   0.000420589    -0.0077605   0.000721583      0.999997    0.00232736    -0.0635114   -0.00042227   -0.00232706      0.999997     0.0311056
            1  -0.000624198   0.000543836    -0.0147103   0.000623193      0.999998    0.00184763     -0.012529  -0.000544988   -0.00184729      0.999998     0.0278746
     0.999999  -0.000982851   0.000411872    -0.0120922   0.000981998      0.999997    0.00206534     -0.132232  -0.000413901   -0.00206493      0.999998     0.0483225
     0.999999  -0.000990178   0.000186556    -0.0197511   0.000989822      0.999998     0.0018982    -0.0381796  -0.000188435   -0.00189802      0.999998     0.0194135
            1  -0.000891159   0.000141089    -0.0229386   0.000890923      0.999998    0.00166484     -0.106763  -0.000142573   -0.00166471      0.999999    0.00814697
            1  -0.000962932  -0.000216864    -0.0190424   0.000963274      0.999998    0.00158315    -0.0768058   0.000215339   -0.00158336      0.999999     0.0477563
     0.999999   -0.00109783  -0.000380874    -0.0282162    0.00109841      0.999998    0.00152336    -0.0925224     0.0003792   -0.00152378      0.999999     0.0346614
     0.999999   -0.00101379  -0.000509047    -0.0359616    0.00101431      0.999999    0.00100435     -0.113631   0.000508028   -0.00100486      0.999999     0.0237345
     0.999999    -0.0010986  -0.000486955    -0.0423602    0.00109922      0.999999    0.00125854     -0.081415   0.000485572   -0.00125908      0.999999   -0.00324611
     0.999999   -0.00128948  -0.000413784    -0.0459287    0.00129012      0.999998    0.00153749     -0.107601   0.000411801   -0.00153802      0.999999    0.00656734
     0.999998   -0.00166531  -0.000616749    -0.0452346    0.00166622      0.999998    0.00147807    -0.0570788   0.000614286    -0.0014791      0.999999    -0.0223855
     0.999999   -0.00133276  -0.000457857    -0.0470507    0.00133319      0.999999   0.000945152      -0.14417   0.000456596  -0.000945761      0.999999    -0.0444342
     0.999998   -0.00200698  -0.000950473    -0.0428307    0.00200851      0.999997    0.00160994     -0.099966   0.000947239   -0.00161185      0.999998    -0.0584196
     0.999996     -0.002435   -0.00109725    -0.0484664     0.0024369      0.999996    0.00173241     -0.125102    0.00109303   -0.00173508      0.999998    -0.0422435
     0.999997   -0.00218815   -0.00147488    -0.0517147    0.00219001      0.999997    0.00126288     -0.116833    0.00147211   -0.00126611      0.999998    -0.0619089
     0.999997   -0.00225776   -0.00123127    -0.0509437    0.00225937      0.999997    0.00130946     -0.126983    0.00122831   -0.00131223      0.999998    -0.0651373
     0.999996   -0.00245042   -0.00130208    -0.0424936    0.00245292      0.999995    0.00192062     -0.138778    0.00129737   -0.00192381      0.999997    -0.0538056
     0.999996   -0.00238182   -0.00119134    -0.0492727    0.00238404      0.999995    0.00187194    -0.0855592    0.00118687   -0.00187477      0.999998    -0.0865656
     0.999996   -0.00229711   -0.00141477    -0.0445886    0.00229962      0.999996    0.00177053     -0.114747     0.0014107   -0.00177378      0.999997    -0.0991729
     0.999996   -0.00256688   -0.00130001    -0.0330186     0.0025699      0.999994    0.00232744     -0.141398    0.00129403   -0.00233077      0.999996    -0.0403945
     0.999996   -0.00234186   -0.00126878    -0.0430786    0.00234462      0.999995    0.00217979    -0.0957607    0.00126367   -0.00218276      0.999997    -0.0606498
     0.999996    -0.0024066   -0.00140705    -0.0379814    0.00240992      0.999994    0.00236303     -0.162948    0.00140136   -0.00236641      0.999996    -0.0761597
     0.999995   -0.00273764   -0.00133812    -0.0352695    0.00274073      0.999994    0.00231589     -0.133148    0.00133177   -0.00231954      0.999996    -0.0541699
     0.999995   -0.00265034   -0.00141525    -0.0354028     0.0026534      0.999994    0.00216527     -0.153769     0.0014095   -0.00216901      0.999997    -0.0730525
     0.999997    -0.0020986   -0.00140164    -0.0343167    0.00210177      0.999995    0.00226407     -0.142679    0.00139688   -0.00226701      0.999996    -0.0893907
     0.999997   -0.00207548   -0.00119997    -0.0451852    0.00207842      0.999995    0.00245164     -0.155688    0.00119488   -0.00245413      0.999996    -0.0545205
     0.999997   -0.00210471   -0.00118681    -0.0564193    0.00210753      0.999995    0.00237568      -0.12707     0.0011818   -0.00237818      0.999996    -0.0963081
     0.999997   -0.00224806   -0.00137541    -0.0573948    0.00225068      0.999996    0.00191149     -0.149887    0.00137111   -0.00191458      0.999997     -0.124246
     0.999996   -0.00235063   -0.00133354    -0.0513237    0.00235341      0.999995    0.00208386      -0.17754    0.00132864   -0.00208699      0.999997     -0.114562
     0.999997   -0.00212969   -0.00126493    -0.0600506    0.00213324      0.999994    0.00280963     -0.170051    0.00125894   -0.00281232      0.999995     -0.124266
     0.999997   -0.00211068   -0.00116904    -0.0658342    0.00211274      0.999996    0.00176113     -0.143329    0.00116532   -0.00176359      0.999998    -0.0928064
     0.999996   -0.00222493   -0.00152576    -0.0637952    0.00222794      0.999996    0.00197292     -0.148912    0.00152137   -0.00197631      0.999997    -0.0732922
     0.999997   -0.00192035   -0.00139555    -0.0501381    0.00192445      0.999994    0.00294462     -0.194907    0.00138989    -0.0029473      0.999995    -0.0908391
     0.999997   -0.00182541   -0.00173189    -0.0601263    0.00182916      0.999996    0.00216529     -0.141466    0.00172793   -0.00216845      0.999996    -0.0761188
     0.999996   -0.00216933   -0.00156608    -0.0817759    0.00217274      0.999995    0.00217774     -0.158289    0.00156135   -0.00218114      0.999996    -0.0960901
     0.999996   -0.00208129   -0.00191959    -0.0797013    0.00208634      0.999994    0.00263131     -0.159526     0.0019141    -0.0026353      0.999995     -0.113675
     0.999996   -0.00204898   -0.00195789    -0.0766253    0.00205462      0.999994    0.00288068      -0.21672    0.00195197   -0.00288469      0.999994     -0.147604
     0.999996   -0.00234017   -0.00167127    -0.0731254     0.0023451      0.999993    0.00295247     -0.154777    0.00166434   -0.00295638      0.999994     -0.105237
     0.999995   -0.00245617   -0.00194693    -0.0766859    0.00246191      0.999993    0.00295271     -0.193533    0.00193966   -0.00295749      0.999994     -0.139095
     0.999996   -0.00234712   -0.00185649    -0.0847142    0.00235144      0.999995    0.00232652     -0.192722    0.00185102   -0.00233088      0.999996     -0.149492
     0.999996   -0.00236372   -0.00179302    -0.0644323    0.00236902      0.999993    0.00295928     -0.175253    0.00178601   -0.00296352      0.999994     -0.114741
     0.999995   -0.00257516   -0.00156501    -0.0553745    0.00257992      0.999992    0.00304949     -0.178394    0.00155714   -0.00305352      0.999994    -0.0602836
     0.999995    -0.0026558   -0.00192532    -0.0686545     0.0026619      0.999991    0.00317662     -0.233423    0.00191687   -0.00318173      0.999993     -0.145394
     0.999993   -0.00276418   -0.00233069    -0.0632311    0.00277368      0.999988    0.00408449     -0.201766    0.00231937   -0.00409093      0.999989     -0.170489
     0.999995   -0.00239607   -0.00211947    -0.0714701    0.00240535      0.999987    0.00438663     -0.227402    0.00210893   -0.00439171      0.999988     -0.217385
     0.999994   -0.00245161   -0.00224528    -0.0627837    0.00245973       0.99999    0.00362107     -0.153095    0.00223638   -0.00362657      0.999991     -0.202602
     0.999993   -0.00264651   -0.00262151    -0.0582094    0.00265745      0.999988    0.00418138     -0.256163    0.00261041   -0.00418831      0.999988     -0.185359
     0.999995   -0.00206469   -0.00240908    -0.0644049    0.00207555      0.999988    0.00451162     -0.192101    0.00239974    -0.0045166      0.999987     -0.178476
     0.999995   -0.00186793   -0.00264639    -0.0659818    0.00187795      0.999991    0.00378871     -0.188571    0.00263929   -0.00379366      0.999989     -0.212129
     0.999993   -0.00253594   -0.00262562    -0.0544928    0.00254658      0.999989    0.00405572     -0.238824     0.0026153   -0.00406238      0.999988     -0.185789
     0.999994   -0.00248859   -0.00248958    -0.0584081     0.0024987      0.999989    0.00406349     -0.214085    0.00247944   -0.00406969      0.999989      -0.22473
     0.999995   -0.00229078    -0.0023891    -0.0658324    0.00229965       0.99999    0.00372036     -0.191731    0.00238056   -0.00372584       0.99999     -0.204294
     0.999993   -0.00253469   -0.00288752    -0.0602448    0.00254714      0.999987     0.0043174     -0.266054    0.00287654   -0.00432473      0.999987     -0.173521
     0.999993   -0.00220994   -0.00294775    -0.0832088    0.00222232      0.999989    0.00420411     -0.185092    0.00293842   -0.00421064      0.999987     -0.177748
     0.999992   -0.00219223   -0.00330564    -0.0907738    0.00220583      0.999989    0.00411859      -0.21587    0.00329657   -0.00412585      0.999986     -0.202223
     0.999993   -0.00217863   -0.00319084    -0.0876223    0.00219174      0.999989    0.00411258     -0.159992    0.00318184   -0.00411954      0.999986     -0.204985
     0.999991   -0.00257892   -0.00322366    -0.0744377    0.00259417      0.999985    0.00473279     -0.200609    0.00321141   -0.00474111      0.999984     -0.185221
     0.999991   -0.00253782   -0.00326876    -0.0789343     0.0025514      0.999988    0.00415669     -0.134841    0.00325817   -0.00416499      0.999986     -0.206368
     0.999991    -0.0025875   -0.00345041    -0.0881848    0.00260102      0.999989    0.00391946     -0.142607    0.00344023    -0.0039284      0.999986     -0.199296
     0.999991   -0.00241693   -0.00348879    -0.0781747    0.00243275      0.999987    0.00453898     -0.140032    0.00347778   -0.00454743      0.999984     -0.174852
      0.99999   -0.00254688   -0.00353821    -0.0783018    0.00256319      0.999986    0.00461158     -0.189829    0.00352641   -0.00462061      0.999983     -0.178087
     0.999991   -0.00248529   -0.00357355    -0.0915438    0.00249997      0.999988    0.00411195     -0.178388    0.00356328   -0.00412084      0.999985     -0.182845
     0.999991   -0.00244642   -0.00353659    -0.0835485    0.00246332      0.999986    0.00478098     -0.230995    0.00352484   -0.00478965      0.999982     -0.164594
     0.999993      -0.00205   -0.00298673     -0.093757    0.00206359      0.999988    0.00455252     -0.125136    0.00297736   -0.00455865      0.999985     -0.118667
     0.999992   -0.00248372   -0.00316196    -0.0912075      0.002497      0.999988     0.0042028     -0.121208    0.00315148   -0.00421067      0.999986     -0.151845
      0.99999   -0.00272207   -0.00348685    -0.0928975     0.0027373      0.999987    0.00437251      -0.22217    0.00347491   -0.00438201      0.999984     -0.166385
      0.99999   -0.00278622   -0.00341791    -0.0885148     0.0028035      0.999983    0.00506026     -0.153188    0.00340376    -0.0050698      0.999981     -0.190964
     0.999991   -0.00268561   -0.00328851    -0.0821998     0.0027007      0.999986    0.00459419    -0.0821373    0.00327613   -0.00460303      0.999984     -0.211376
      0.99999   -0.00301899   -0.00340944     -0.076954    0.00303566      0.999983    0.00489536     -0.159494    0.00339461   -0.00490566      0.999982     -0.161131
     0.999991   -0.00279207    -0.0033039    -0.0907222    0.00280789      0.999985    0.00479271     -0.147698    0.00329046   -0.00480195      0.999983     -0.183551
     0.999991   -0.00265786   -0.00343814    -0.0822575    0.00267438      0.999985     0.0048081     -0.132582    0.00342531   -0.00481725      0.999983     -0.217246
      0.99999   -0.00303454    -0.0034197    -0.0806867    0.00305227      0.999982     0.0051931     -0.170121    0.00340388   -0.00520348      0.999981     -0.165213
     0.999988   -0.00295958   -0.00380028    -0.0877543    0.00298025      0.999981    0.00544496     -0.161041     0.0037841   -0.00545622      0.999978     -0.181199
     0.999987   -0.00310176   -0.00400192    -0.0930322     0.0031222      0.999982    0.00511219      -0.13983      0.003986   -0.00512462      0.999979     -0.210369
     0.999983    -0.0037269   -0.00458891    -0.0862304    0.00375419      0.999975    0.00595296     -0.188058    0.00456661   -0.00597008      0.999972     -0.196096
     0.999984   -0.00380938   -0.00425292    -0.0882284    0.00383362      0.999976    0.00570641      -0.13414    0.00423108   -0.00572262      0.999975     -0.197937
     0.999984   -0.00363831   -0.00428705    -0.0785731    0.00366282      0.999977    0.00572244     -0.191004    0.00426613   -0.00573806      0.999974     -0.198094
     0.999983   -0.00400153   -0.00415712    -0.0715396    0.00402562      0.999975    0.00580285      -0.20127    0.00413379   -0.00581949      0.999975     -0.181849
     0.999982   -0.00416669   -0.00435391     -0.070209    0.00419386      0.999972    0.00625001     -0.203342    0.00432775   -0.00626815      0.999971     -0.208148
     0.999983   -0.00380775   -0.00437582    -0.0742912    0.00383259      0.999977    0.00568188     -0.191353    0.00435408   -0.00569856      0.999974      -0.23977
     0.999983   -0.00382542    -0.0043346    -0.0691804    0.00385219      0.999973     0.0061847     -0.215449    0.00431083    -0.0062013      0.999971     -0.221476
     0.999985    -0.0036267   -0.00412046    -0.0767887    0.00365236      0.999974    0.00623651     -0.169877    0.00409773   -0.00625146      0.999972     -0.201543
     0.999982   -0.00419489   -0.00432303    -0.0676646    0.00422014      0.999974    0.00584688     -0.193065    0.00429839   -0.00586501      0.999974     -0.204895
     0.999982   -0.00437634   -0.00407613    -0.0740465    0.00440068      0.999972    0.00598134     -0.163913    0.00404984   -0.00599917      0.999974     -0.179315
     0.999982   -0.00414106   -0.00440625     -0.075457    0.00416749      0.999973    0.00600589      -0.20467    0.00438126   -0.00602415      0.999972     -0.281202
      0.99998   -0.00433381    -0.0045097    -0.0700856    0.00435881      0.999975    0.00554845      -0.19703    0.00448554     -0.005568      0.999974     -0.235239
     0.999981   -0.00414088   -0.00452455     -0.067111    0.00416805      0.999973    0.00601254     -0.195521    0.00449954   -0.00603128      0.999972     -0.209399
     0.999981   -0.00406392   -0.00455192    -0.0760824    0.00409049      0.999975    0.00584409     -0.166012    0.00452805    -0.0058626      0.999973     -0.246342
     0.999981   -0.00430059   -0.00432799    -0.0643202    0.00432576      0.999974     0.0058218     -0.141643    0.00430284   -0.00584041      0.999974     -0.214042
     0.999983   -0.00416037   -0.00413031    -0.0604652    0.00418552      0.999973    0.00609695     -0.214757    0.00410483   -0.00611413      0.999973     -0.208555
     0.999984   -0.00389047   -0.00416109    -0.0637609     0.0039144      0.999976    0.00575909      -0.19725    0.00413858   -0.00577529      0.999975     -0.221519
     0.999983   -0.00387912   -0.00439246    -0.0528691    0.00390724      0.999972    0.00641127     -0.239086    0.00436747   -0.00642832       0.99997     -0.204861
     0.999982   -0.00397317   -0.00450525    -0.0561006    0.00400268       0.99997    0.00655963     -0.149437    0.00447906   -0.00657755      0.999968     -0.200449
     0.999982   -0.00381982   -0.00460034    -0.0692808    0.00384785      0.999974    0.00609942     -0.186138    0.00457692   -0.00611701      0.999971     -0.252051
     0.999981   -0.00424392   -0.00446488    -0.0610222     0.0042723      0.999971    0.00636603     -0.161312    0.00443773   -0.00638498       0.99997     -0.263252
     0.999981   -0.00422169   -0.00459593    -0.0605149    0.00425284      0.999968    0.00678876     -0.216156    0.00456713   -0.00680817      0.999966     -0.244567
      0.99998   -0.00421963   -0.00465929    -0.0715003    0.00425121      0.999968    0.00678788     -0.160263     0.0046305   -0.00680755      0.999966     -0.273787
     0.999979   -0.00434982   -0.00475116    -0.0672237    0.00438224      0.999967    0.00683369     -0.212075    0.00472128   -0.00685437      0.999965     -0.302945
     0.999982   -0.00391746   -0.00450546    -0.0561027     0.0039496      0.999967    0.00714888     -0.221476     0.0044773   -0.00716655      0.999964     -0.279564
     0.999984   -0.00399107   -0.00405092    -0.0648551    0.00401958      0.999967      0.007053     -0.228888    0.00402264   -0.00706917      0.999967     -0.319815
     0.999982   -0.00451948   -0.00405479    -0.0557676    0.00454672      0.999967    0.00673441     -0.201642    0.00402422   -0.00675272      0.999969     -0.303193
     0.999982   -0.00448408   -0.00407585     -0.039098    0.00451282      0.999965    0.00707078     -0.211772      0.004044   -0.00708904      0.999967     -0.291971
     0.999984   -0.00423201   -0.00378956    -0.0476229    0.00425882      0.999966     0.0070958     -0.206421     0.0037594   -0.00711182      0.999968     -0.337481
     0.999982   -0.00438753   -0.00413648    -0.0414859    0.00441349       0.99997    0.00628781     -0.161877    0.00410877   -0.00630595      0.999972      -0.33054
     0.999982   -0.00446675   -0.00393157    -0.0333203    0.00449437      0.999965    0.00704507     -0.170522    0.00389996   -0.00706262      0.999967     -0.289849
     0.999982   -0.00451097   -0.00397451    -0.0455999     0.0045379      0.999967    0.00679444     -0.149833    0.00394372   -0.00681235      0.999969     -0.324862
      0.99998   -0.00473952    -0.0041516    -0.0360751    0.00476825      0.999965    0.00693901     -0.225795    0.00411857   -0.00695867      0.999967     -0.325495
      0.99998   -0.00489753   -0.00397501    -0.0292087    0.00492648      0.999961     0.0073057     -0.176528    0.00393908   -0.00732514      0.999965     -0.295102
     0.999981   -0.00473039   -0.00404789    -0.0372693    0.00475761      0.999966    0.00674171     -0.154173    0.00401586   -0.00676084      0.999969     -0.301442
     0.999978   -0.00510738   -0.00424722      -0.02327    0.00513827       0.99996    0.00729406     -0.162268    0.00420979   -0.00731572      0.999964     -0.320476
     0.999979   -0.00485726   -0.00430934    -0.0226515    0.00488902      0.999961    0.00738886     -0.182734    0.00427328   -0.00740977      0.999963     -0.348495
     0.999978   -0.00501116   -0.00440098    -0.0299815    0.00504034      0.999965     0.0066446     -0.139711    0.00436753   -0.00666664      0.999968     -0.324041
     0.999976   -0.00516697    -0.0045139    -0.0302992    0.00520128      0.999957    0.00762292     -0.130402    0.00447432   -0.00764622      0.999961      -0.30462
      0.99998   -0.00458407   -0.00425937    -0.0288552    0.00461824      0.999957    0.00804781     -0.194552     0.0042223   -0.00806732      0.999959     -0.326144
      0.99998   -0.00445542    -0.0045933    -0.0328408    0.00448923      0.999963      0.007376     -0.164376    0.00456026   -0.00739647      0.999962      -0.30552
     0.999977   -0.00478337   -0.00481979    -0.0337262    0.00482062      0.999958    0.00774825      -0.17304    0.00478253    -0.0077713      0.999958     -0.283994
     0.999979   -0.00453862   -0.00468951    -0.0377922    0.00457359      0.999962    0.00747407     -0.237948    0.00465541   -0.00749536      0.999961     -0.342813
     0.999978   -0.00436655    -0.0050676    -0.0285489    0.00440618       0.99996    0.00783565     -0.182012    0.00503318   -0.00785781      0.999956     -0.322467
     0.999979   -0.00417019   -0.00487691    -0.0380798    0.00420932      0.999959    0.00804157     -0.198402    0.00484317   -0.00806193      0.999956      -0.31976
     0.999977   -0.00432834   -0.00518186    -0.0374491    0.00436779      0.999961    0.00762642     -0.136879    0.00514865   -0.00764888      0.999957     -0.366579
     0.999978   -0.00472921   -0.00473385    -0.0363915    0.00476713      0.999956    0.00803164     -0.170157    0.00469566   -0.00805403      0.999957     -0.336068
     0.999984   -0.00382477   -0.00414106    -0.0203538    0.00385711      0.999962    0.00782903      -0.31471    0.00411096   -0.00784488      0.999961     -0.455554
     0.999973   -0.00509752   -0.00533222     0.0245239    0.00514378      0.999949    0.00869769     -0.215457    0.00528761   -0.00872488      0.999948     -0.255607
     0.999971   -0.00543718   -0.00526824     0.0369698    0.00547653      0.999957    0.00748305    -0.0626643    0.00522733   -0.00751169      0.999958     -0.299404
