# 3dvolreg matrices (DICOM-to-DICOM, row-by-row):
            1             0             0            -0             0             1             0            -0             0             0             1            -0
     0.999999    0.00104357  -0.000384429    -0.0420522   -0.00104466      0.999995   -0.00284281     -0.200522    0.00038146    0.00284321      0.999996      -0.17569
     0.999999    0.00116209  -0.000589912    -0.0529784   -0.00116418      0.999993   -0.00355734     -0.225795   0.000585774    0.00355803      0.999993       -0.2288
     0.999998    0.00157879   -0.00118849     -0.134712   -0.00158221      0.999995    -0.0028801     -0.341275    0.00118394    0.00288197      0.999995     -0.407923
     0.999998    0.00115698   -0.00138667     -0.176317   -0.00116181      0.999993   -0.00348431     -0.312036    0.00138263    0.00348591      0.999993     -0.327071
     0.999999    0.00033294   -0.00151149     -0.126081    -0.0003385      0.999993   -0.00367976     -0.241878    0.00151025    0.00368026      0.999992     -0.290736
     0.999997    0.00146191   -0.00182036     -0.167734   -0.00146797      0.999993   -0.00333304     -0.277367    0.00181548    0.00333571      0.999993     -0.299013
     0.999999    0.00110084   -0.00115933     -0.113225   -0.00110398      0.999996    -0.0027086     -0.240796    0.00115634    0.00270988      0.999996      -0.30608
     0.999999   0.000905014   -0.00123826      -0.10716  -0.000908465      0.999996     -0.002789     -0.257117    0.00123573    0.00279012      0.999995     -0.317416
     0.999999   0.000944021   -0.00140696     -0.116722   -0.00094822      0.999995   -0.00298674     -0.303478    0.00140414    0.00298806      0.999995     -0.329152
            1   0.000626512  -0.000642416     -0.107046  -0.000628745      0.999994   -0.00348194     -0.324945   0.000640231    0.00348234      0.999994     -0.300942
            1   0.000446489  -0.000739846    -0.0983205  -0.000449996      0.999989   -0.00474608     -0.425525   0.000737718    0.00474641      0.999988     -0.554666
     0.999999   0.000812866  -0.000619901     -0.081081  -0.000815177      0.999993   -0.00373727     -0.382769   0.000616859    0.00373777      0.999993      -0.54989
     0.999999   0.000678058  -0.000797644    -0.0741301  -0.000680963      0.999993    -0.0036477     -0.362375   0.000795165    0.00364825      0.999993      -0.55311
            1   0.000349209   -0.00038049    -0.0463883  -0.000350526      0.999994   -0.00346623     -0.367263   0.000379277    0.00346636      0.999994     -0.545988
            1   0.000442583  -0.000818428    -0.0512715  -0.000445321      0.999994   -0.00334832     -0.337124   0.000816942    0.00334869      0.999994     -0.551228
            1   0.000625972  -0.000628102    -0.0550869   -0.00062793      0.999995   -0.00312175     -0.335621   0.000626144    0.00312214      0.999995      -0.54102
            1   0.000156293  -0.000901113    -0.0482329  -0.000159708      0.999993   -0.00379149     -0.366649   0.000900514    0.00379164      0.999992     -0.535275
     0.999999   3.81498e-05   -0.00139983      -0.05762  -4.32356e-05      0.999993   -0.00363327     -0.344154    0.00139968    0.00363333      0.999992     -0.524113
     0.999999   0.000190454   -0.00134566     -0.064893  -0.000195093      0.999994   -0.00344804     -0.352663      0.001345     0.0034483      0.999993      -0.56204
     0.999999   0.000199446   -0.00137707    -0.0624885  -0.000204536      0.999993   -0.00369714     -0.379641    0.00137632    0.00369742      0.999992     -0.550377
     0.999999   0.000237131   -0.00130585     -0.053382  -0.000242109      0.999993   -0.00381333     -0.363849    0.00130493    0.00381365      0.999992     -0.556776
     0.999999   0.000467243   -0.00142407    -0.0749207  -0.000472287      0.999994   -0.00354415     -0.362576     0.0014224    0.00354481      0.999993     -0.567663
     0.999999   0.000306205   -0.00115248    -0.0535231  -0.000310368      0.999993   -0.00361411     -0.347813    0.00115137    0.00361447      0.999993      -0.57146
     0.999998   0.000759616   -0.00178251    -0.0883339  -0.000766245      0.999993   -0.00372111     -0.381362    0.00177967    0.00372247      0.999991     -0.566434
     0.999997    0.00108371   -0.00215604     -0.103089   -0.00109232      0.999991   -0.00399914     -0.356731    0.00215169    0.00400148       0.99999     -0.553328
     0.999998    0.00102783   -0.00196542    -0.0914482   -0.00103515      0.999993   -0.00372533      -0.37261    0.00196158    0.00372735      0.999991     -0.565002
     0.999998   0.000989136   -0.00172207     -0.086923  -0.000995842      0.999992   -0.00389793     -0.373157     0.0017182    0.00389963      0.999991     -0.579384
     0.999998   0.000886142   -0.00171325    -0.0811616  -0.000892395      0.999993   -0.00365227     -0.388307       0.00171    0.00365379      0.999992     -0.580879
     0.999999   0.000659475   -0.00133134    -0.0594565  -0.000663919      0.999994   -0.00333991      -0.35547    0.00132913    0.00334079      0.999994     -0.591011
     0.999998   0.000999667   -0.00179261    -0.0897981   -0.00100682      0.999992   -0.00399116     -0.402785     0.0017886    0.00399296       0.99999     -0.590849
     0.999998    0.00106289   -0.00147316     -0.063664    -0.0010684      0.999992   -0.00374705     -0.385477    0.00146917    0.00374861      0.999992     -0.587715
     0.999995    0.00254495   -0.00163521     -0.120422   -0.00255175      0.999988     -0.004172     -0.532578    0.00162457    0.00417615       0.99999     -0.744006
     0.999996    0.00224586   -0.00178605     -0.123902   -0.00224995      0.999995   -0.00229528     -0.424352    0.00178089    0.00229929      0.999996     -0.657589
     0.999997    0.00203504   -0.00124143     -0.100145    -0.0020387      0.999994    -0.0029517     -0.400008    0.00123541    0.00295422      0.999995     -0.663888
     0.999997    0.00195868   -0.00133116     -0.106107   -0.00196285      0.999993   -0.00314391     -0.416204    0.00132499    0.00314652      0.999994     -0.654213
     0.999997    0.00184261   -0.00134177    -0.0911104   -0.00184648      0.999994   -0.00288844     -0.381357    0.00133644    0.00289091      0.999995     -0.642809
     0.999998    0.00154343   -0.00134716    -0.0917161   -0.00154724      0.999995   -0.00283596      -0.38303    0.00134278    0.00283804      0.999995     -0.646885
     0.999998    0.00163278   -0.00123915    -0.0901509   -0.00163729      0.999992   -0.00364616     -0.449135    0.00123318    0.00364818      0.999993     -0.654166
     0.999998    0.00147706   -0.00142536    -0.0929831   -0.00148209      0.999993   -0.00353509     -0.436638    0.00142013     0.0035372      0.999993      -0.61678
     0.999998    0.00143544   -0.00126993    -0.0726859   -0.00143748      0.999998   -0.00160605      -0.34535    0.00126762    0.00160788      0.999998     -0.563886
     0.999997    0.00178211   -0.00146438     -0.127511   -0.00178628      0.999994   -0.00284941     -0.428673    0.00145929    0.00285202      0.999995     -0.623806
     0.999998    0.00164375   -0.00151171     -0.119247   -0.00164762      0.999995   -0.00256542     -0.395567    0.00150748    0.00256791      0.999996     -0.616121
     0.999997      0.001897   -0.00140661     -0.118397   -0.00190056      0.999995   -0.00253165     -0.400404     0.0014018    0.00253432      0.999996     -0.623053
     0.999998     0.0017468   -0.00129137     -0.103475   -0.00174965      0.999996   -0.00221027     -0.376495     0.0012875    0.00221253      0.999997     -0.630772
     0.999998    0.00157631   -0.00120513    -0.0835165   -0.00157906      0.999996    -0.0022838     -0.365829    0.00120153     0.0022857      0.999997     -0.627931
     0.999998    0.00155608   -0.00123803    -0.0872563   -0.00155931      0.999995   -0.00260913     -0.391411    0.00123396    0.00261105      0.999996     -0.628801
     0.999998    0.00135642   -0.00146257    -0.0864468   -0.00136032      0.999996   -0.00266345      -0.39665    0.00145895    0.00266543      0.999995     -0.640197
     0.999998    0.00117085   -0.00152193    -0.0813305   -0.00117467      0.999996   -0.00251253     -0.416741    0.00151898    0.00251431      0.999996     -0.630253
     0.999999    0.00118479   -0.00110516     -0.063824   -0.00118807      0.999995   -0.00297391      -0.40858    0.00110163    0.00297522      0.999995     -0.643503
     0.999998    0.00139788   -0.00133768    -0.0946972   -0.00140349       0.99999   -0.00420877     -0.494831    0.00133178    0.00421064       0.99999     -0.711847
     0.999999   0.000368673    -0.0011118    -0.0508981  -0.000373068      0.999992   -0.00395542      -0.44893    0.00111034    0.00395583      0.999992     -0.690387
     0.999999    0.00032788   -0.00145602    -0.0819699   -0.00033452       0.99999   -0.00456232     -0.479096    0.00145451     0.0045628      0.999989     -0.702376
     0.999998   0.000458935   -0.00185353     -0.104289   -0.00046792      0.999988   -0.00485027     -0.481663    0.00185128    0.00485113      0.999987     -0.689754
     0.999996    0.00129848    -0.0025714     -0.173677   -0.00130667      0.999994   -0.00318717     -0.553386    0.00256725    0.00319052      0.999992     -0.775045
     0.999995    0.00160747   -0.00260742     -0.176661   -0.00161572      0.999994   -0.00316352     -0.455558    0.00260232    0.00316772      0.999992      -0.69837
     0.999996    0.00127949   -0.00235069     -0.156761   -0.00128908      0.999991   -0.00408311     -0.446752    0.00234544    0.00408612      0.999989     -0.685419
     0.999996      0.001443   -0.00236023     -0.132047    -0.0014526      0.999991   -0.00407148     -0.473798    0.00235434    0.00407489      0.999989     -0.679769
     0.999996    0.00123909   -0.00247516     -0.134914   -0.00125023      0.999989   -0.00450721     -0.475027    0.00246955    0.00451029      0.999987     -0.690781
     0.999996    0.00135859   -0.00253772     -0.141024   -0.00136985      0.999989   -0.00443876     -0.470043    0.00253166    0.00444222      0.999987     -0.700711
     0.999996    0.00124302   -0.00254039     -0.139292   -0.00125531      0.999987    -0.0048419     -0.489215    0.00253434    0.00484507      0.999985      -0.69515
     0.999996    0.00102845   -0.00252226      -0.13126   -0.00104034      0.999988    -0.0047164      -0.48497    0.00251738    0.00471901      0.999986      -0.70257
     0.999996   0.000871015   -0.00254946     -0.128775  -0.000883252      0.999988    -0.0048023      -0.49645    0.00254524    0.00480453      0.999985     -0.690653
     0.999997   0.000864092   -0.00249637     -0.120368  -0.000876325      0.999988    -0.0049034     -0.495858     0.0024921    0.00490557      0.999985     -0.695278
     0.999997    0.00077151    -0.0023709     -0.116258   -0.00078284      0.999988   -0.00478151     -0.493633    0.00236718    0.00478335      0.999986     -0.690635
     0.999996    0.00110181   -0.00244427     -0.127359   -0.00111524      0.999984   -0.00549812     -0.561516    0.00243817    0.00550082      0.999982     -0.746584
     0.999996    0.00101823   -0.00265299     -0.131354   -0.00103112      0.999988   -0.00486088     -0.499473    0.00264801     0.0048636      0.999985     -0.705478
     0.999996    0.00111472    -0.0025679     -0.140219   -0.00112808      0.999986   -0.00520872     -0.518505    0.00256206    0.00521159      0.999983     -0.726814
     0.999997   0.000995022    -0.0023808     -0.120775   -0.00100608      0.999989   -0.00464709     -0.493021    0.00237615    0.00464947      0.999986     -0.709888
     0.999996     0.0011134   -0.00247794     -0.114259   -0.00112466      0.999989   -0.00454608     -0.476238    0.00247285    0.00454885      0.999987     -0.706176
     0.999996    0.00100245   -0.00262603      -0.12707   -0.00101566      0.999987   -0.00503677     -0.506873    0.00262095    0.00503941      0.999984     -0.708376
     0.999997   0.000691084   -0.00235698     -0.117307  -0.000702038      0.999989    -0.0046499     -0.501781    0.00235374    0.00465154      0.999986     -0.712232
     0.999997    0.00100481    -0.0024177      -0.12162   -0.00101598      0.999989   -0.00462433     -0.501495    0.00241302    0.00462677      0.999986     -0.699215
     0.999996     0.0010917   -0.00248318     -0.141969   -0.00110488      0.999985   -0.00531114     -0.553584    0.00247735    0.00531386      0.999983     -0.728633
     0.999996   0.000945162   -0.00260864     -0.138499  -0.000958297      0.999987   -0.00503829       -0.5231    0.00260384    0.00504077      0.999984     -0.713254
     0.999996   0.000976134   -0.00270063     -0.142071   -0.00099051      0.999985   -0.00532675     -0.544669    0.00269539    0.00532941      0.999982     -0.738032
     0.999996    0.00117898   -0.00268238     -0.130063   -0.00119311      0.999985   -0.00527039     -0.546886    0.00267613    0.00527357      0.999983      -0.72059
     0.999996    0.00100254   -0.00263555     -0.129671   -0.00101638      0.999986   -0.00525545     -0.537739    0.00263024    0.00525811      0.999983     -0.707172
     0.999998   0.000431948   -0.00214463    -0.0588286   -0.00044353      0.999985   -0.00540309     -0.537912    0.00214226    0.00540403      0.999983     -0.708767
     0.999999    0.00107362  -0.000625497     0.0880529   -0.00107609      0.999992   -0.00394934     -0.622833   0.000621252    0.00395001      0.999992     -0.889714
     0.999998    9.0505e-05   -0.00173721    -0.0167649  -9.75012e-05      0.999992    -0.0040276      -0.52651    0.00173683    0.00402777       0.99999     -0.681777
     0.999999   0.000521701   -0.00159814    -0.0505939  -0.000529438      0.999988   -0.00484457      -0.48937     0.0015956     0.0048454      0.999987      -0.64227
     0.999998   0.000801691   -0.00197967    -0.0630779  -0.000811653      0.999987   -0.00503622     -0.525437    0.00197561    0.00503781      0.999985     -0.692858
     0.999998   0.000542722   -0.00185259    -0.0506098  -0.000551988      0.999987   -0.00500466     -0.510945    0.00184985    0.00500567      0.999986     -0.706717
     0.999998   0.000588077   -0.00195197    -0.0580912  -0.000599111      0.999984   -0.00565719     -0.556636    0.00194861    0.00565835      0.999982     -0.721583
     0.999998   0.000442378   -0.00187851    -0.0471736  -0.000453278      0.999983     -0.005806     -0.558962    0.00187591    0.00580684      0.999981     -0.705775
     0.999998   0.000420975   -0.00206661    -0.0561814  -0.000432368      0.999985   -0.00551543     -0.562396    0.00206426    0.00551631      0.999983     -0.679654
     0.999998   0.000490232   -0.00196981    -0.0609689  -0.000501107      0.999985   -0.00552403      -0.55112    0.00196708    0.00552501      0.999983     -0.688692
     0.999997   0.000622505   -0.00219063    -0.0726425  -0.000635316      0.999983   -0.00585231     -0.598671    0.00218695    0.00585369       0.99998     -0.720316
     0.999998   0.000563563   -0.00214977    -0.0668789  -0.000575163      0.999985   -0.00539888     -0.548609     0.0021467     0.0054001      0.999983     -0.690077
     0.999998   0.000353739   -0.00211421    -0.0633072  -0.000361958      0.999992   -0.00388858     -0.497434    0.00211282    0.00388934       0.99999     -0.631391
     0.999998   0.000424241   -0.00183953     -0.046918  -0.000431935      0.999991   -0.00418432     -0.483635    0.00183774    0.00418511       0.99999     -0.655094
     0.999998    0.00036275   -0.00176213    -0.0478878  -0.000370733       0.99999   -0.00453224     -0.529061    0.00176047    0.00453288      0.999988     -0.662288
     0.999999   0.000205679   -0.00166798    -0.0313049   -0.00021309       0.99999   -0.00444414     -0.485368    0.00166705    0.00444449      0.999989      -0.63466
     0.999999   0.000402297   -0.00163338    -0.0276666  -0.000409315      0.999991   -0.00429859     -0.488009    0.00163164    0.00429925      0.999989      -0.65318
     0.999999   0.000309254   -0.00157668    -0.0223149  -0.000316578      0.999989   -0.00464696     -0.495301    0.00157522    0.00464745      0.999988     -0.666935
     0.999998   8.86481e-05   -0.00182649    -0.0450118  -9.74619e-05      0.999988   -0.00482601     -0.535071    0.00182605    0.00482618      0.999987     -0.675278
     0.999998    0.00015743   -0.00199518     -0.051788   -0.00016752      0.999987   -0.00505829     -0.557624    0.00199436    0.00505861      0.999985     -0.685469
     0.999998    0.00027605   -0.00188536    -0.0526463  -0.000285182      0.999988   -0.00484503     -0.536704      0.001884    0.00484556      0.999986     -0.686516
     0.999998   0.000299333   -0.00191667    -0.0550214  -0.000308185      0.999989   -0.00461976     -0.542303    0.00191527    0.00462034      0.999987     -0.707801
     0.999998   0.000139493   -0.00189494    -0.0456752  -0.000148408      0.999989   -0.00470544     -0.531969    0.00189426    0.00470571      0.999987     -0.695963
     0.999998   3.72534e-05   -0.00178248    -0.0358458  -4.61955e-05      0.999987   -0.00501692     -0.545275    0.00178227    0.00501699      0.999986     -0.692167
     0.999998   2.31028e-06   -0.00176378     -0.038607  -1.12876e-05      0.999987   -0.00508984     -0.532659    0.00176375    0.00508985      0.999985     -0.691868
     0.999999   6.41796e-05   -0.00167072    -0.0324271  -7.23615e-05      0.999988   -0.00489765     -0.519105    0.00167039    0.00489776      0.999987     -0.690308
     0.999998  -4.94135e-05   -0.00184862    -0.0402538   3.92903e-05      0.999985   -0.00547569     -0.562903    0.00184886    0.00547561      0.999983     -0.682541
     0.999999   4.92026e-05   -0.00171768    -0.0379465  -5.81379e-05      0.999986   -0.00520231      -0.54332     0.0017174     0.0052024      0.999985     -0.695714
     0.999998    0.00148188   -0.00164057    -0.0542531   -0.00149005      0.999986   -0.00499357     -0.684955    0.00163315      0.004996      0.999986      -0.87483
     0.999998   0.000847294    -0.0015508    -0.0619748  -0.000854985      0.999987   -0.00496534     -0.619997    0.00154658    0.00496666      0.999986     -0.781114
     0.999999   0.000439467   -0.00167401      -0.06096  -0.000449082      0.999983   -0.00574778     -0.622462    0.00167145    0.00574852      0.999982     -0.774995
     0.999999   0.000369436   -0.00159307    -0.0476629  -0.000377997      0.999985   -0.00537714     -0.580575    0.00159106    0.00537774      0.999984     -0.775504
     0.999999    0.00034971   -0.00147907    -0.0465238  -0.000357723      0.999985   -0.00542112     -0.591541    0.00147716    0.00542164      0.999984     -0.785346
     0.999999   3.48052e-05   -0.00165006    -0.0490568  -4.44955e-05      0.999983   -0.00587303     -0.625313    0.00164982     0.0058731      0.999981     -0.799062
     0.999999   0.000224518   -0.00152509    -0.0571647  -0.000232812      0.999985   -0.00543989     -0.625238    0.00152385    0.00544024      0.999984     -0.769139
     0.999999   0.000300158   -0.00107935    -0.0446365  -0.000305928      0.999986   -0.00534958     -0.608729    0.00107773    0.00534991      0.999985     -0.733636
     0.999999   0.000456664   -0.00148977    -0.0591734  -0.000464662      0.999985   -0.00537313     -0.617104     0.0014873    0.00537382      0.999984     -0.726009
     0.999999   0.000189262     -0.001589     -0.068892  -0.000198579      0.999983   -0.00586537     -0.624205    0.00158786    0.00586567      0.999982     -0.758213
     0.999999   0.000178379    -0.0014889    -0.0599964  -0.000187511      0.999981   -0.00613521     -0.642059    0.00148777    0.00613548       0.99998      -0.77472
     0.999994    -0.0001929   -0.00350945     -0.177992   0.000143082      0.999899    -0.0141901     -0.990537    0.00351183     0.0141895      0.999893      -1.00313
     0.999995  -8.64798e-05   -0.00317519     -0.173012   5.09183e-05      0.999937    -0.0111982     -0.836102    0.00317596      0.011198      0.999932     -0.869847
     0.999995  -0.000175648   -0.00310722     -0.169891   0.000141583       0.99994      -0.01096     -0.809013    0.00310896     0.0109595      0.999935     -0.858209
     0.999994   0.000204638   -0.00343283     -0.180715  -0.000240076      0.999947     -0.010326     -0.799126    0.00343053     0.0103268      0.999941     -0.842292
     0.999993   0.000264657   -0.00361479     -0.205922  -0.000303337      0.999943    -0.0107039     -0.847613    0.00361175     0.0107049      0.999936     -0.877623
     0.999994   1.79873e-06   -0.00334021     -0.177685  -3.59599e-05      0.999948    -0.0102272     -0.807435    0.00334001     0.0102273      0.999942     -0.836942
     0.999994   0.000323068   -0.00348417     -0.183565  -0.000359175      0.999946    -0.0103675     -0.822082    0.00348064     0.0103687       0.99994     -0.856473
     0.999994   0.000114688   -0.00332507     -0.167613  -0.000148426      0.999948    -0.0101481     -0.799382    0.00332373     0.0101485      0.999943     -0.870068
     0.999994   3.58536e-05   -0.00332243     -0.159962  -6.93237e-05      0.999949    -0.0100744     -0.802273     0.0033219     0.0100746      0.999944     -0.884503
     0.999994   0.000170711   -0.00356276     -0.194338  -0.000208768      0.999943    -0.0106842      -0.85613    0.00356074     0.0106849      0.999937     -0.898301
     0.999994   3.18532e-05   -0.00332372      -0.17719  -6.71727e-05      0.999944    -0.0106269      -0.84154    0.00332319     0.0106271      0.999938     -0.894549
     0.999995   -3.4674e-05   -0.00329098     -0.183493   2.31603e-07      0.999945    -0.0104651     -0.863386    0.00329116     0.0104651       0.99994     -0.908096
     0.999995  -0.000213936   -0.00321243      -0.19325    0.00018163      0.999949    -0.0100535     -0.834208    0.00321442     0.0100529      0.999944     -0.884836
     0.999994  -9.81449e-05   -0.00340177     -0.201962   6.23413e-05      0.999945    -0.0105235      -0.84199    0.00340262     0.0105232      0.999939     -0.893575
     0.999994  -1.37561e-06   -0.00334201     -0.193292   -3.3078e-05      0.999947    -0.0103092      -0.82885    0.00334185     0.0103092      0.999941     -0.906757
     0.999995   2.20452e-05   -0.00322967     -0.196254  -5.50046e-05      0.999948    -0.0102055     -0.836488    0.00322927     0.0102056      0.999943     -0.914978
     0.999994   9.13397e-05   -0.00340971     -0.202306  -0.000126341      0.999947    -0.0102663      -0.84366    0.00340859     0.0102667      0.999941     -0.916717
     0.999991   0.000217454   -0.00423221     -0.266756  -0.000261732      0.999945    -0.0104645      -0.89858     0.0042297     0.0104655      0.999936      -0.96991
     0.999993   0.000180397   -0.00385346     -0.231672  -0.000219647      0.999948    -0.0101877     -0.840372    0.00385142     0.0101885      0.999941     -0.915427
     0.999992   4.13951e-05   -0.00410059     -0.241274  -8.47442e-05      0.999944    -0.0105718     -0.870891    0.00409993     0.0105721      0.999936     -0.922783
     0.999992   6.98539e-05   -0.00390822     -0.225026  -0.000108972       0.99995    -0.0100099     -0.833855    0.00390732     0.0100103      0.999942     -0.909515
     0.999992   0.000156989     -0.003963     -0.232223     -0.000198      0.999946    -0.0103503     -0.866161    0.00396116      0.010351      0.999939     -0.913049
     0.999993    0.00015424   -0.00372541     -0.216134  -0.000191565       0.99995    -0.0100206     -0.831573    0.00372368     0.0100212      0.999943      -0.90399
     0.999992   0.000233827   -0.00393584     -0.226384  -0.000274099      0.999948    -0.0102346     -0.867086    0.00393324     0.0102356       0.99994     -0.914294
     0.999993   0.000149671   -0.00370659     -0.210573  -0.000185873      0.999952   -0.00976834     -0.845546    0.00370496    0.00976896      0.999945     -0.889361
     0.999994   0.000505386   -0.00356486     -0.211177  -0.000539757      0.999953   -0.00964717     -0.860186    0.00355982    0.00964903      0.999947     -0.906355
     0.999994   0.000434132   -0.00354163     -0.207804  -0.000466829      0.999957   -0.00923649     -0.837587    0.00353746    0.00923809      0.999951     -0.893204
     0.999995    0.00025679   -0.00318781     -0.196607  -0.000285074      0.999961    -0.0088754     -0.787669    0.00318541    0.00887626      0.999956      -0.84224
     0.999995   0.000716644    -0.0029664     -0.197717  -0.000744995      0.999954   -0.00956737     -0.850659    0.00295941    0.00956953       0.99995     -0.892747
     0.999995   0.000668678   -0.00304378     -0.190549  -0.000697433      0.999955   -0.00945597     -0.829639    0.00303732    0.00945804      0.999951     -0.899162
     0.999995   0.000546236   -0.00306961     -0.184284  -0.000575823      0.999953   -0.00964618     -0.857894    0.00306419     0.0096479      0.999949     -0.899539
     0.999995   0.000547944   -0.00322799     -0.185042   -0.00057966      0.999951   -0.00983257      -0.85027    0.00322244    0.00983438      0.999946     -0.901629
     0.999995   0.000705187   -0.00307657     -0.179353   -0.00073337      0.999958   -0.00916924      -0.82106    0.00306997    0.00917145      0.999953     -0.884432
     0.999995   0.000538021   -0.00313293     -0.182683  -0.000568298      0.999953   -0.00967113     -0.845306    0.00312758    0.00967287      0.999948      -0.90574
     0.999995   0.000534549   -0.00314357     -0.184867  -0.000564369      0.999955   -0.00949293      -0.83342    0.00313835    0.00949466       0.99995     -0.887982
     0.999995   0.000583482   -0.00316177      -0.19433   -0.00061403      0.999953   -0.00966912     -0.864171    0.00315598    0.00967101      0.999948     -0.901846
     0.999995   0.000751002   -0.00308253     -0.189744  -0.000780235      0.999955   -0.00949316     -0.852312    0.00307526    0.00949551       0.99995     -0.911959
     0.999994   0.000936971   -0.00328891      -0.20992  -0.000967027      0.999958   -0.00914898     -0.846355    0.00328019    0.00915211      0.999953     -0.912245
     0.999994   0.000792354   -0.00340059     -0.208097  -0.000825066      0.999953   -0.00962879     -0.867578    0.00339281    0.00963154      0.999948     -0.922896
     0.999994   0.000826492   -0.00336703      -0.19995  -0.000857003      0.999958   -0.00907026     -0.832719    0.00335939    0.00907309      0.999953      -0.89412
     0.999994   0.000783563    -0.0032902     -0.205978  -0.000814921      0.999954   -0.00954019     -0.856257    0.00328258    0.00954282      0.999949     -0.923937
     0.999994   0.000868457    -0.0033279     -0.200927  -0.000899475      0.999956    -0.0093306     -0.833279    0.00331965    0.00933353      0.999951      -0.90941
     0.999995   0.000661809   -0.00320657      -0.18894  -0.000692469      0.999954   -0.00956989     -0.851436    0.00320009    0.00957206      0.999949     -0.906717
     0.999996   0.000301083   -0.00295968     -0.167207  -0.000328936      0.999956   -0.00941481     -0.849973    0.00295671    0.00941574      0.999951     -0.907753
     0.999995    0.00064506   -0.00302303     -0.180272  -0.000670818      0.999963   -0.00852732      -0.84054    0.00301742    0.00852931      0.999959     -0.897572
     0.999996   0.000942616   -0.00280872     -0.172897  -0.000960153       0.99998   -0.00624896     -0.752458    0.00280277    0.00625163      0.999977     -0.853295
     0.999996    0.00125747   -0.00255986     -0.173975   -0.00127632      0.999972   -0.00737542     -0.776229    0.00255052    0.00737866       0.99997     -0.884361
     0.999996    0.00113236   -0.00253905     -0.164622    -0.0011512      0.999972   -0.00742984     -0.783093    0.00253057    0.00743274      0.999969     -0.878778
     0.999996    0.00101753   -0.00261134     -0.169344   -0.00103757       0.99997   -0.00768092     -0.801628    0.00260345     0.0076836      0.999967      -0.89473
     0.999995    0.00128246    -0.0027258     -0.193596   -0.00130341       0.99997   -0.00769635     -0.789188    0.00271584    0.00769987      0.999967     -0.899863
     0.999996    0.00106126   -0.00267577      -0.19681   -0.00108305      0.999966   -0.00815595     -0.832198    0.00266703    0.00815882      0.999963     -0.909485
     0.999995    0.00125229   -0.00276073     -0.211286   -0.00127839      0.999954   -0.00947115     -0.945871    0.00274875    0.00947464      0.999951      -1.00496
     0.999993    0.00181631   -0.00312799     -0.245735   -0.00184448      0.999958   -0.00902662      -1.00205    0.00311146    0.00903233      0.999954      -1.03729
     0.999994   0.000919958   -0.00336532     -0.253351  -0.000950165      0.999959   -0.00898534     -0.872032    0.00335692    0.00898849      0.999954     -0.933488
     0.999993    0.00112903   -0.00354266     -0.272031   -0.00115877      0.999964   -0.00840423     -0.852833    0.00353304    0.00840827      0.999958     -0.940087
     0.999994   0.000807863   -0.00331939     -0.257292  -0.000838328      0.999957   -0.00918675     -0.880464    0.00331183    0.00918948      0.999952     -0.969001
     0.999993    0.00123324   -0.00346249     -0.250345   -0.00126381       0.99996   -0.00884169     -0.868959    0.00345145    0.00884601      0.999955     -0.986363
     0.999994    0.00107054   -0.00335325     -0.238117   -0.00110101      0.999958   -0.00909866     -0.886505    0.00334337     0.0091023      0.999953     -0.978574
     0.999994   0.000860154   -0.00340219     -0.236541  -0.000891326      0.999958   -0.00917126      -0.90919    0.00339416    0.00917424      0.999952     -0.955977
     0.999994   0.000791516   -0.00330874     -0.228415  -0.000818693      0.999966   -0.00822042     -0.881206    0.00330212    0.00822308      0.999961     -0.928537
     0.999995   0.000970866   -0.00296623     -0.232166  -0.000997161       0.99996   -0.00887622     -0.904346    0.00295749    0.00887914      0.999956     -0.955339
     0.999995    0.00078056    -0.0031373     -0.261194  -0.000810139      0.999955   -0.00943821     -0.922157     0.0031298     0.0094407      0.999951     -0.961207
     0.999994   0.000709432   -0.00340667     -0.281851  -0.000737706      0.999965    -0.0083054     -0.869806    0.00340066    0.00830786       0.99996     -0.941606
     0.999995   0.000656461   -0.00313661     -0.279737  -0.000680494       0.99997   -0.00766705     -0.848974    0.00313149    0.00766915      0.999966     -0.962473
     0.999995     0.0011512   -0.00305673     -0.258684    -0.0011807      0.999953   -0.00966675     -0.973544    0.00304545    0.00967031      0.999949      -1.02425
     0.999994     0.0011214    -0.0031671     -0.252588   -0.00114931       0.99996   -0.00882381     -0.907265    0.00315707     0.0088274      0.999956      -0.97575
     0.999994    0.00147312   -0.00318823     -0.255214   -0.00150251      0.999956   -0.00923555     -0.941709    0.00317449    0.00924028      0.999952      -0.99225
     0.999994    0.00132105   -0.00320296     -0.261334   -0.00134944       0.99996   -0.00887807      -0.91326    0.00319111    0.00888234      0.999955     -0.999563
     0.999994    0.00141077   -0.00321723     -0.262792   -0.00144003      0.999957   -0.00910962     -0.915552    0.00320424     0.0091142      0.999953     -0.989456
     0.999994    0.00130649    -0.0031886     -0.263745   -0.00133634      0.999955    -0.0093779     -0.933797     0.0031762     0.0093821      0.999951     -0.989514
     0.999994    0.00129892   -0.00334761     -0.264059   -0.00132807      0.999961   -0.00871972     -0.903634    0.00333615    0.00872411      0.999956      -0.98182
     0.999994    0.00125899   -0.00308337     -0.255989   -0.00128742      0.999957   -0.00923546     -0.933495    0.00307161    0.00923938      0.999953      -0.99275
     0.999995    0.00138088   -0.00291622     -0.243912   -0.00140554      0.999963   -0.00847147     -0.884751    0.00290441    0.00847552       0.99996     -0.964172
     0.999995    0.00129635   -0.00301331       -0.2508   -0.00132402      0.999957   -0.00919802      -0.92589    0.00300126    0.00920196      0.999953      -0.96905
     0.999995    0.00119429   -0.00285667     -0.244815   -0.00121927      0.999961   -0.00876062     -0.938121     0.0028461    0.00876406      0.999958     -0.962835
     0.999995    0.00122358   -0.00297292     -0.251682   -0.00125039      0.999958   -0.00903281     -0.924208    0.00296174    0.00903648      0.999955     -0.976032
     0.999995    0.00116856   -0.00292983     -0.251812   -0.00119521      0.999958   -0.00911035     -0.942184    0.00291906     0.0091138      0.999954     -0.978516
     0.999995   0.000898816   -0.00290306     -0.247792   -0.00092393      0.999962   -0.00866111      -0.91453    0.00289517    0.00866376      0.999958     -0.946345
     0.999995    0.00114122   -0.00311155     -0.259652   -0.00116787      0.999963    -0.0085764     -0.914066    0.00310165    0.00857999      0.999958     -0.942248
     0.999995    0.00124059   -0.00298356     -0.256549   -0.00126662      0.999961   -0.00873998     -0.907304     0.0029726    0.00874371      0.999957     -0.963913
     0.999995    0.00119137   -0.00284813     -0.238942   -0.00121533      0.999964   -0.00842531     -0.880308    0.00283799    0.00842874       0.99996     -0.970107
     0.999995    0.00115657   -0.00276908     -0.232603   -0.00118242      0.999956   -0.00935356     -0.961523    0.00275814     0.0093568      0.999952     -0.999659
     0.999995    0.00126324    -0.0028196      -0.23227   -0.00128776      0.999961   -0.00871212     -0.909258    0.00280849    0.00871571      0.999958     -0.954168
     0.999995    0.00119279   -0.00282523     -0.225439   -0.00121858      0.999957   -0.00914407     -0.934117     0.0028142    0.00914747      0.999954     -0.967501
     0.999996    0.00126387   -0.00263692     -0.234158   -0.00128712       0.99996   -0.00883329     -0.924995    0.00262565    0.00883665      0.999958     -0.966447
     0.999994    0.00253934   -0.00223865     -0.250923   -0.00255985      0.999954   -0.00920714      -1.09061    0.00221517    0.00921282      0.999955      -1.17816
     0.999994    0.00206152   -0.00290994     -0.262445   -0.00208798      0.999956   -0.00911997       -1.0147    0.00289101    0.00912599      0.999954      -1.08194
     0.999994    0.00187176   -0.00303991     -0.271222   -0.00190015      0.999954   -0.00936089     -0.974671    0.00302225     0.0093666      0.999952      -1.06068
     0.999995     0.0016079   -0.00280832     -0.253303   -0.00163451      0.999954     -0.009498     -0.969785    0.00279292    0.00950254      0.999951      -1.05452
     0.999995    0.00140189   -0.00273741     -0.244697   -0.00142933      0.999949    -0.0100475      -1.02404    0.00272318     0.0100514      0.999946      -1.06512
     0.999996    0.00125166   -0.00270205      -0.24681   -0.00127947      0.999946    -0.0103135      -1.02789    0.00268899     0.0103169      0.999943      -1.07514
     0.999995    0.00138175   -0.00274434     -0.255574   -0.00141141       0.99994     -0.010834       -1.0746     0.0027292     0.0108379      0.999938      -1.07394
     0.999995    0.00139767   -0.00269669     -0.248909   -0.00142547      0.999946    -0.0103337      -1.04227     0.0026821     0.0103375      0.999943      -1.05757
     0.999996    0.00161278   -0.00233979      -0.25269   -0.00163522      0.999952   -0.00961782      -1.02071    0.00232417    0.00962161      0.999951      -0.98969
     0.999997    0.00192752   -0.00170154      -0.24658   -0.00194312      0.999956   -0.00921451      -0.97983    0.00168371    0.00921778      0.999956     -0.933945
     0.999996    0.00208053   -0.00173994     -0.245424   -0.00209601      0.999958   -0.00894638      -1.00491    0.00172126       0.00895      0.999958     -0.974389
     0.999996    0.00198423   -0.00187793     -0.237159   -0.00200103      0.999958   -0.00898385     -0.983471    0.00186002    0.00898757      0.999958      -1.00319
     0.999995    0.00253386   -0.00192391     -0.249573   -0.00255095      0.999957   -0.00893094      -1.15153     0.0019012     0.0089358      0.999958      -1.16018
     0.999986    0.00425765   -0.00307201     -0.334654   -0.00428463      0.999952   -0.00882779       -1.2497    0.00303428    0.00884083      0.999956      -1.28861
     0.999993    0.00298661   -0.00240498     -0.283605   -0.00301238      0.999937    -0.0107839      -1.12415    0.00237263      0.010791      0.999939      -1.16683
     0.999994    0.00242295    -0.0026199     -0.296667   -0.00245219      0.999934    -0.0112146      -1.14134    0.00259255     0.0112209      0.999934      -1.15054
     0.999995    0.00182561   -0.00270612     -0.296903   -0.00184981      0.999958   -0.00896576      -1.02283    0.00268964    0.00897072      0.999956      -1.10052
     0.999993    0.00250583    -0.0027742     -0.348724   -0.00252919      0.999961   -0.00845034     -0.985948    0.00275291     0.0084573       0.99996      -1.01837
     0.999996    0.00244234   -0.00129531     -0.299141   -0.00245376      0.999957   -0.00888949     -0.997355    0.00127354    0.00889263       0.99996     -0.970422
     0.999996    0.00230586     -0.001499     -0.283996   -0.00231973      0.999954   -0.00931575      -1.03744    0.00147745    0.00931919      0.999955     -0.980845
     0.999996    0.00228745   -0.00140235     -0.278903   -0.00230111      0.999949   -0.00982373      -1.03986    0.00137981    0.00982692      0.999951       -1.0199
     0.999996    0.00241167   -0.00170036     -0.296557   -0.00242904      0.999944    -0.0102864      -1.07487    0.00167545     0.0102904      0.999946      -1.01519
     0.999996    0.00234649   -0.00162242     -0.283583   -0.00236235      0.999949   -0.00984294      -1.03204    0.00159924    0.00984673       0.99995     -0.992952
     0.999995    0.00266477    -0.0015736     -0.266154   -0.00268025      0.999947   -0.00991288      -1.07396     0.0015471    0.00991705       0.99995      -1.03045
     0.999995    0.00264976   -0.00171032     -0.260585   -0.00266619       0.99995   -0.00967796      -1.05073    0.00168459    0.00968247      0.999952      -1.02858
     0.999994    0.00269551   -0.00200215     -0.264597   -0.00271505      0.999948   -0.00982209      -1.05454    0.00197557    0.00982747       0.99995      -1.03684
     0.999996    0.00217774    -0.0020451      -0.26057   -0.00219755       0.99995   -0.00973458      -1.03318     0.0020238    0.00973903      0.999951      -1.04296
     0.999994    0.00239548   -0.00245549      -0.28133   -0.00242003      0.999947    -0.0100426      -1.04766    0.00243131     0.0100485      0.999947      -1.04409
     0.999995    0.00237558   -0.00227472     -0.268974   -0.00239889      0.999944    -0.0103012      -1.04413    0.00225012     0.0103066      0.999944      -1.04631
     0.999994    0.00243436   -0.00242037     -0.257695   -0.00245755      0.999951   -0.00962318     -0.990742    0.00239682    0.00962907      0.999951      -1.00915
     0.999995    0.00230815   -0.00224602     -0.276359   -0.00233046      0.999947    -0.0099818      -1.04872    0.00222287    0.00998698      0.999948      -1.02022
     0.999994     0.0019517   -0.00280791     -0.280821   -0.00197903       0.99995   -0.00976257      -1.01354    0.00278872    0.00976807      0.999948      -1.01187
     0.999994     0.0021452   -0.00280346      -0.27531     -0.002173      0.999948   -0.00995212       -1.0326    0.00278197    0.00995815      0.999947      -1.02407
     0.999994    0.00225501   -0.00274364     -0.277485   -0.00228166       0.99995   -0.00974927      -1.01728    0.00272152    0.00975547      0.999949      -1.02986
     0.999994    0.00221796   -0.00262781     -0.263061   -0.00224353       0.99995   -0.00976909      -1.02897    0.00260601    0.00977493      0.999949      -1.02076
