# 3dvolreg matrices (DICOM-to-DICOM, row-by-row):
            1             0             0            -0             0             1             0            -0             0             0             1            -0
            1   0.000900248  -1.94732e-05   -0.00279765  -0.000900289      0.999997   -0.00217842     -0.126659   1.75121e-05    0.00217843      0.999998     -0.290656
            1   0.000690962   4.32369e-05    0.00993187  -0.000690829      0.999995   -0.00300472      -0.21137  -4.53129e-05    0.00300469      0.999995     -0.277754
            1   0.000754626  -5.78971e-05   -0.00439276  -0.000754794      0.999995   -0.00296739     -0.176103   5.56575e-05    0.00296743      0.999996     -0.329199
            1   0.000715588   0.000122131     0.0111908  -0.000715227      0.999995   -0.00293187     -0.171588  -0.000124228    0.00293178      0.999996     -0.339837
            1   0.000639732   0.000317554     0.0245386  -0.000638789      0.999995   -0.00296078     -0.174952  -0.000319447    0.00296057      0.999996      -0.34837
     0.999999    0.00104387  -1.07878e-05     0.0442481   -0.00104391      0.999989   -0.00457877     -0.408917   6.00803e-06    0.00457878       0.99999     -0.534839
            1   0.000850339  -0.000518655     0.0890905  -0.000854307       0.99997     -0.007699     -0.726312   0.000512093    0.00769944       0.99997     -0.864486
     0.999998    0.00157914  -0.000925356     0.0435189   -0.00158384      0.999986   -0.00510557     -0.474363   0.000917281    0.00510702      0.999987     -0.789606
     0.999997     0.0019511   -0.00119104   -0.00085785   -0.00195679      0.999987   -0.00479439     -0.360476    0.00118167    0.00479671      0.999988     -0.891638
     0.999998    0.00150553   -0.00119258     0.0178348   -0.00151104      0.999988   -0.00463616     -0.400799    0.00118558    0.00463795      0.999989     -0.827818
     0.999998    0.00155026   -0.00106027     0.0192363   -0.00155521      0.999988   -0.00468567     -0.420946    0.00105299    0.00468731      0.999988     -0.720008
     0.999998    0.00181846  -0.000978518   0.000454823   -0.00182277      0.999989   -0.00442269     -0.360671   0.000970464    0.00442447       0.99999     -0.806266
     0.999998    0.00165338  -0.000729594     0.0036007   -0.00165633       0.99999   -0.00407128     -0.335577   0.000722856    0.00407248      0.999991     -0.828074
     0.999999    0.00146808  -0.000910705   -0.00850594   -0.00147172      0.999991   -0.00401342     -0.317097   0.000904805    0.00401476      0.999992     -0.802037
     0.999999    0.00146156  -0.000764706    -0.0038231   -0.00146474       0.99999   -0.00416735     -0.314266   0.000758607    0.00416846      0.999991     -0.738533
     0.999999     0.0014757  -0.000586192  -0.000424107   -0.00147822       0.99999   -0.00432474      -0.32109   0.000579804     0.0043256       0.99999     -0.717514
     0.999999    0.00146276  -0.000623341   -0.00698918   -0.00146544       0.99999   -0.00432448     -0.320167   0.000617009    0.00432539       0.99999     -0.705477
     0.999999    0.00159093  -0.000442345    0.00601418   -0.00159284      0.999989   -0.00435588     -0.327572   0.000435411    0.00435658       0.99999     -0.691633
     0.999999     0.0012444  -0.000395696     0.0192042   -0.00124635      0.999987   -0.00496793     -0.410944   0.000389508    0.00496842      0.999988     -0.599134
     0.999999    0.00139011  -0.000631359   -0.00286786   -0.00139276       0.99999   -0.00421591     -0.304305   0.000625492    0.00421678      0.999991     -0.598743
     0.999999    0.00143276  -0.000236552     0.0168843   -0.00143379      0.999989   -0.00442282     -0.319894   0.000230213    0.00442316       0.99999      -0.63896
     0.999999    0.00133422  -0.000303065     0.0282241   -0.00133562      0.999988    -0.0046647      -0.37198   0.000296838     0.0046651      0.999989     -0.568268
     0.999999    0.00150051  -0.000165284     0.0280583   -0.00150115      0.999991   -0.00390509     -0.288551   0.000159423    0.00390533      0.999992     -0.621343
     0.999999    0.00145561   3.97317e-05     0.0409554   -0.00145544      0.999991   -0.00396513     -0.296175  -4.55031e-05    0.00396507      0.999992      -0.65908
     0.999999    0.00149267  -4.05245e-05     0.0409042   -0.00149281      0.999992   -0.00364023     -0.277386   3.50905e-05    0.00364029      0.999993     -0.662795
     0.999999    0.00150856   0.000167569     0.0485701   -0.00150787      0.999991   -0.00403935     -0.311255  -0.000173661     0.0040391      0.999992     -0.667623
     0.999999    0.00148292   8.17467e-05     0.0441155   -0.00148258      0.999991   -0.00397647     -0.323266  -8.76427e-05    0.00397635      0.999992     -0.595729
     0.999999    0.00150086   0.000222269     0.0468623   -0.00150004      0.999992   -0.00363765     -0.277202  -0.000227727    0.00363731      0.999993     -0.626757
     0.999999    0.00143704   0.000183491     0.0563253    -0.0014363      0.999991   -0.00395665     -0.327175  -0.000189175    0.00395638      0.999992     -0.595557
     0.999999    0.00144144  -9.84385e-05     0.0419756   -0.00144174      0.999994    -0.0030759     -0.253833   9.40042e-05    0.00307604      0.999995     -0.603109
     0.999999    0.00143836  -8.44039e-05        0.0385    -0.0014386      0.999995   -0.00288999     -0.229455   8.02467e-05    0.00289011      0.999996     -0.612098
     0.999999    0.00134988  -9.63672e-05     0.0372886    -0.0013502      0.999994   -0.00331459     -0.263162   9.18922e-05    0.00331471      0.999995     -0.622622
     0.999999    0.00148388  -0.000273012     0.0303735   -0.00148483      0.999993   -0.00353072      -0.30811    0.00026777    0.00353112      0.999994     -0.573945
     0.999999    0.00146546   -0.00021384     0.0219613   -0.00146604      0.999995   -0.00276902     -0.243933   0.000209781    0.00276933      0.999996     -0.593989
     0.999999    0.00145405  -0.000194389     0.0333253   -0.00145467      0.999994   -0.00325003     -0.286188   0.000189662    0.00325031      0.999995     -0.616287
     0.999999    0.00136997  -3.00723e-05     0.0519152   -0.00137007      0.999994   -0.00328665     -0.299517   2.55695e-05    0.00328669      0.999995     -0.570015
     0.999999    0.00118955  -0.000319488     0.0509945   -0.00119025      0.999997   -0.00222299     -0.220239   0.000316843    0.00222337      0.999997     -0.554832
     0.999999     0.0011588  -0.000288955     0.0629448   -0.00115967      0.999995    -0.0030259     -0.301855   0.000285447    0.00302624      0.999995     -0.536908
     0.999999    0.00116224  -0.000581074     0.0563755   -0.00116421      0.999994   -0.00340074     -0.342628   0.000577118    0.00340141      0.999994     -0.482504
     0.999999    0.00141294  -0.000357965     0.0426266   -0.00141396      0.999995   -0.00286032     -0.254582   0.000353922    0.00286083      0.999996      -0.57185
     0.999999    0.00156426  -0.000401161     0.0455079   -0.00156541      0.999995   -0.00288371     -0.283906   0.000396648    0.00288434      0.999996      -0.57115
     0.999999    0.00157059   -0.00022919     0.0429704   -0.00157121      0.999995   -0.00271254     -0.266459   0.000224928     0.0027129      0.999996     -0.559298
     0.999999    0.00128327  -0.000166025     0.0656903    -0.0012838      0.999994   -0.00325839     -0.313402   0.000161842     0.0032586      0.999995     -0.550082
     0.999999    0.00126476  -4.07056e-05     0.0739601   -0.00126487      0.999995   -0.00291309     -0.310334    3.7021e-05    0.00291314      0.999996     -0.487469
     0.999999    0.00111941   0.000114427     0.0801149   -0.00111914      0.999997   -0.00232664     -0.245557  -0.000117031    0.00232651      0.999997     -0.519712
     0.999999    0.00100135   7.37994e-05     0.0785079   -0.00100118      0.999997   -0.00228974     -0.226549   -7.6092e-05    0.00228966      0.999997     -0.547465
            1   0.000962772  -3.74663e-05      0.074614  -0.000962851      0.999997   -0.00218134      -0.21538   3.53661e-05    0.00218137      0.999998     -0.550955
            1   0.000987277  -4.43496e-05     0.0725199  -0.000987381      0.999997   -0.00240803     -0.238289    4.1972e-05    0.00240807      0.999997     -0.547935
            1   0.000971787  -7.77386e-05     0.0698204  -0.000971962      0.999997   -0.00228535     -0.238351   7.55175e-05    0.00228542      0.999997     -0.544671
            1   0.000930056  -0.000312836     0.0772112   -0.00093103      0.999995   -0.00312833     -0.338045   0.000309925    0.00312862      0.999995     -0.484578
     0.999999    0.00112909  -0.000392038     0.0624038   -0.00113029      0.999995   -0.00305898     -0.327553   0.000388582    0.00305943      0.999995     -0.422397
     0.999999    0.00119005  -0.000268782     0.0526606   -0.00119073      0.999996   -0.00252776     -0.247597   0.000265772    0.00252808      0.999997     -0.529607
     0.999999    0.00100142   -0.00035513     0.0643308   -0.00100244      0.999995   -0.00287594     -0.306794   0.000352249     0.0028763      0.999996     -0.490747
     0.999999   0.000997507  -0.000117129     0.0587005   -0.00099779      0.999997   -0.00243746     -0.263663   0.000114697    0.00243757      0.999997     -0.466076
            1   0.000965403  -3.87431e-05     0.0608444  -0.000965482      0.999997   -0.00210338     -0.233183   3.67124e-05    0.00210342      0.999998     -0.486816
     0.999999    0.00111438  -0.000170239     0.0523544   -0.00111481      0.999996   -0.00252263     -0.269213   0.000167427    0.00252282      0.999997     -0.478658
     0.999999    0.00108695   -6.8392e-05     0.0546854   -0.00108711      0.999997   -0.00239926     -0.249291   6.57839e-05    0.00239934      0.999997     -0.559777
     0.999999    0.00130375  -7.17443e-05     0.0552537   -0.00130392      0.999996   -0.00249473     -0.259902   6.84915e-05    0.00249482      0.999997     -0.555456
            1   0.000830318   0.000293427     0.0874546  -0.000829316      0.999994    -0.0033977     -0.349222  -0.000296246    0.00339746      0.999994     -0.545959
            1   0.000766185   4.87277e-05     0.0728422  -0.000766027      0.999995   -0.00315902     -0.319119  -5.11478e-05    0.00315898      0.999995     -0.528282
            1   0.000595264   0.000230758     0.0827935  -0.000594576      0.999995   -0.00296949     -0.307488  -0.000232524    0.00296935      0.999996      -0.57044
            1   0.000523451   1.84278e-05     0.0829147  -0.000523392      0.999995    -0.0030675     -0.339991  -2.00334e-05    0.00306749      0.999995     -0.510707
            1   0.000580002   0.000154331      0.078412  -0.000579633      0.999997   -0.00238461     -0.259365  -0.000155714    0.00238452      0.999997     -0.519885
            1   0.000276856   0.000446423      0.112257  -0.000275526      0.999996   -0.00297709     -0.312403  -0.000447245    0.00297697      0.999995     -0.516482
            1   0.000346924   0.000503916      0.106026  -0.000345576      0.999996    -0.0026734     -0.288214  -0.000504842    0.00267322      0.999996     -0.476245
            1   0.000322568   0.000521367       0.10443  -0.000321329      0.999997   -0.00237506     -0.265979  -0.000522131     0.0023749      0.999997     -0.519159
     0.999999   0.000236125   -0.00101445     0.0169485  -0.000244779      0.999964    -0.0085395     -0.611691    0.00101239    0.00853974      0.999963      -0.72099
            1  -0.000439522  -0.000115658     0.0695781   0.000438421      0.999956   -0.00934776     -0.699524   0.000119761     0.0093477      0.999956     -0.763319
            1   -0.00015919  -6.20175e-05     0.0656576   0.000158731      0.999973   -0.00732463       -0.5356   6.31818e-05    0.00732462      0.999973      -0.73647
            1    -9.558e-05  -4.84433e-05     0.0911318   9.52824e-05      0.999981   -0.00610625     -0.413242    4.9026e-05    0.00610624      0.999981     -0.773784
            1   0.000167456  -4.71172e-05      0.112498  -0.000167705      0.999986   -0.00533461     -0.373254   4.62233e-05    0.00533462      0.999986     -0.762481
            1  -0.000264699   0.000251416       0.14233   0.000266217      0.999982   -0.00605643     -0.412822  -0.000249808     0.0060565      0.999982     -0.771426
            1  -0.000636242    0.00044052      0.157536   0.000638866      0.999982   -0.00598082     -0.433274  -0.000436707     0.0059811      0.999982     -0.746247
     0.999999   -0.00105462   0.000909773      0.189086    0.00106069      0.999977   -0.00669309     -0.533555  -0.000902694    0.00669405      0.999977     -0.677628
            1  -0.000737077   0.000543909      0.149041   0.000740453       0.99998   -0.00623357     -0.508789  -0.000539304    0.00623398       0.99998     -0.610448
            1  -0.000418723   0.000876994       0.15634    0.00042365      0.999984   -0.00562471     -0.426576  -0.000874625    0.00562508      0.999984     -0.665327
     0.999999  -0.000593682    0.00105929       0.16778    0.00059936      0.999985   -0.00536791     -0.407247   -0.00105609    0.00536854      0.999985     -0.682864
     0.999999  -0.000533213    0.00114992      0.167388   0.000538994      0.999987   -0.00503319     -0.394008   -0.00114722    0.00503381      0.999987     -0.671772
     0.999999  -0.000580259   0.000981147        0.1604   0.000585342      0.999986   -0.00518857     -0.395582  -0.000978123    0.00518914      0.999986     -0.660475
            1  -0.000720344   0.000598897     0.0950714   0.000723249      0.999988    -0.0048656     -0.374014  -0.000595385    0.00486603      0.999988     -0.541086
            1  -0.000583309   0.000211455     0.0560858   0.000584409      0.999986    -0.0052405     -0.478783  -0.000208395    0.00524062      0.999986     -0.445822
            1  -0.000458211  -1.59909e-05     0.0394753   0.000458123      0.999987   -0.00513523     -0.449483   1.83437e-05    0.00513522      0.999987     -0.440814
            1  -0.000619481   0.000422657     0.0710278   0.000621555      0.999988   -0.00492454     -0.401495  -0.000419602     0.0049248      0.999988     -0.470095
            1  -0.000622729   0.000645552     0.0824088   0.000625876      0.999988   -0.00488603     -0.401838  -0.000642501    0.00488643      0.999988     -0.423134
     0.999999  -0.000533612   0.000983332     0.0833283   0.000539038      0.999985   -0.00552611     -0.419569  -0.000980368    0.00552663      0.999984     -0.462905
            1  -0.000756975   0.000499158     0.0789668   0.000759327      0.999989   -0.00472816      -0.38454  -0.000495573    0.00472853      0.999989     -0.445048
            1  -0.000675253   -2.5817e-05     0.0842282   0.000675118      0.999988    -0.0048972     -0.395005   2.91235e-05    0.00489718      0.999988     -0.487298
            1  -0.000638418   0.000380514      0.111106   0.000640115       0.99999   -0.00447675      -0.35467  -0.000377652      0.004477       0.99999     -0.505773
            1  -0.000633896   0.000282606      0.108363   0.000635225      0.999989   -0.00472603     -0.398907  -0.000279607    0.00472621      0.999989     -0.493623
            1  -0.000405753    0.00039938      0.109793   0.000407607      0.999989   -0.00465354     -0.418383  -0.000397487     0.0046537      0.999989     -0.434034
            1  -0.000485052   0.000188446      0.107088   0.000485935      0.999989   -0.00471834     -0.386215  -0.000186155    0.00471843      0.999989     -0.453816
            1  -0.000281351   0.000131152      0.109732   0.000281973      0.999989    -0.0047646     -0.410704   -0.00012981    0.00476464      0.999989     -0.439025
            1  -0.000179566   0.000193178      0.103969   0.000180404      0.999991   -0.00434963     -0.365243  -0.000192395    0.00434966      0.999991     -0.480602
            1  -0.000215988   0.000168845      0.107836   0.000216755       0.99999   -0.00455027     -0.408263   -0.00016786    0.00455031       0.99999     -0.462997
            1  -0.000273331   6.05316e-05      0.113187   0.000273601       0.99999   -0.00449922     -0.421676  -5.93012e-05    0.00449923       0.99999     -0.409967
            1  -8.87956e-05   0.000320658      0.116647   9.00953e-05      0.999992   -0.00405527     -0.366863  -0.000320295     0.0040553      0.999992     -0.434687
            1  -0.000132298   0.000234496      0.110451   0.000133251      0.999992   -0.00407154     -0.359367  -0.000233956    0.00407157      0.999992     -0.457352
            1  -0.000183322    0.00025653      0.114611   0.000184394      0.999991   -0.00418353     -0.375081  -0.000255761    0.00418358      0.999991     -0.474314
            1  -0.000311772   0.000238914       0.12349   0.000312863      0.999989   -0.00458276     -0.452937  -0.000237483    0.00458283      0.999989     -0.403634
            1  -0.000278615   0.000173465      0.109946   0.000279383       0.99999    -0.0044452     -0.411937  -0.000172225    0.00444524       0.99999      -0.40831
            1  -0.000403375   0.000279805      0.116354   0.000404568      0.999991   -0.00427662     -0.385954  -0.000278077    0.00427673      0.999991     -0.439344
            1  -0.000801465    0.00010032      0.120981   0.000801894       0.99999   -0.00435637     -0.402305  -9.68279e-05    0.00435645      0.999991     -0.385352
            1  -0.000847691  -7.85525e-05      0.118322   0.000847363      0.999991   -0.00407575     -0.343801   8.20068e-05    0.00407568      0.999992     -0.426975
            1   -0.00077719   0.000309351      0.132489    0.00077835      0.999993   -0.00376786     -0.329198  -0.000306421     0.0037681      0.999993     -0.436043
            1  -0.000881698    0.00037863      0.145289   0.000883327       0.99999   -0.00432344     -0.409776  -0.000374814    0.00432377      0.999991     -0.408499
            1  -0.000845415  -0.000131169      0.125052   0.000844861      0.999991   -0.00416502     -0.430739   0.000134689     0.0041649      0.999991     -0.336091
            1  -0.000601151   4.14008e-05      0.115364   0.000601319      0.999991   -0.00418681     -0.374658  -3.88835e-05    0.00418684      0.999991     -0.392109
            1   -0.00064834   0.000180271      0.133649   0.000649051      0.999992   -0.00397506     -0.362141  -0.000177692    0.00397517      0.999992     -0.408607
            1  -0.000721212   0.000219532      0.144233   0.000721999      0.999993   -0.00360671     -0.343567  -0.000216929    0.00360687      0.999993     -0.418738
            1  -0.000587753   0.000133537      0.133855   0.000588254      0.999993   -0.00378254     -0.353695  -0.000131313    0.00378262      0.999993     -0.435171
            1  -0.000588023   0.000233145      0.154364   0.000588991      0.999991   -0.00417436     -0.417833  -0.000230689     0.0041745      0.999991     -0.401045
            1  -0.000552358    0.00029116       0.15658   0.000553428      0.999993   -0.00368996     -0.394198   -0.00028912    0.00369012      0.999993     -0.339062
            1  -0.000384286   0.000339717      0.151825   0.000385472      0.999994   -0.00349689     -0.345336  -0.000338371    0.00349702      0.999994     -0.405387
            1  -0.000661784   0.000475334        0.1765   0.000663675      0.999992   -0.00398807     -0.406826  -0.000472691    0.00398838      0.999992     -0.388295
            1  -0.000733741   0.000295669      0.174926   0.000734941      0.999991   -0.00407803     -0.452121  -0.000292675    0.00407824      0.999992     -0.324883
            1  -0.000573246   0.000429997       0.16893   0.000574857      0.999993   -0.00375626     -0.381735   -0.00042784    0.00375651      0.999993     -0.381484
            1  -0.000739424   0.000584755      0.178717   0.000741456      0.999994   -0.00348282     -0.356536  -0.000582176    0.00348325      0.999994     -0.412648
     0.999999   -0.00089539   0.000509595      0.187463   0.000897497      0.999991    -0.0041492     -0.457163  -0.000505875    0.00414966      0.999991     -0.389856
            1  -0.000592384   0.000440927      0.164127   0.000594142      0.999992   -0.00399817     -0.419905  -0.000438555    0.00399843      0.999992      -0.42006
            1  -0.000498027   0.000648822       0.17552   0.000500653      0.999992   -0.00405394     -0.404229  -0.000646798    0.00405426      0.999992     -0.479229
            1  -0.000392871   0.000499567      0.166907   0.000395034      0.999991   -0.00433782     -0.446603  -0.000497858    0.00433802       0.99999     -0.575449
            1  -0.000575589   0.000352977      0.157205   0.000577134       0.99999    -0.0043943     -0.478227  -0.000350444     0.0043945       0.99999     -0.599444
     0.999999   -0.00111833   0.000599908      0.188433    0.00112134      0.999987   -0.00503974     -0.586912  -0.000594264     0.0050404      0.999987     -0.480714
            1  -0.000936018   0.000304782      0.170391   0.000937463      0.999988   -0.00477637     -0.553515  -0.000300307    0.00477665      0.999989     -0.479972
     0.999999  -0.000901824   0.000571592      0.182056   0.000904235      0.999991   -0.00423145     -0.490739  -0.000567771    0.00423196      0.999991     -0.510712
     0.999999  -0.000890456   0.000684689       0.19253   0.000893441       0.99999    -0.0043721     -0.472989  -0.000680789    0.00437271       0.99999     -0.559082
     0.999999  -0.000752362   0.000834739      0.192599   0.000755858      0.999991   -0.00419644     -0.453931  -0.000831574    0.00419707      0.999991      -0.58947
     0.999999  -0.000787783   0.000673233      0.186609   0.000790578      0.999991   -0.00416271     -0.462638  -0.000669947    0.00416324      0.999991     -0.581585
     0.999999  -0.000988376   0.000728367      0.197935   0.000991685      0.999989   -0.00455691     -0.532714  -0.000723855    0.00455763      0.999989     -0.514067
     0.999999  -0.000757805   0.000862095      0.198302   0.000761705      0.999989   -0.00453188     -0.498309  -0.000858652    0.00453254      0.999989     -0.513446
     0.999999   -0.00098236   0.000915656      0.231612   0.000986475      0.999989   -0.00450419     -0.483114  -0.000911221    0.00450509      0.999989     -0.558852
     0.999999  -0.000851932   0.000794324      0.237188   0.000855788      0.999988   -0.00486711     -0.549237  -0.000790168    0.00486778      0.999988     -0.527119
     0.999999  -0.000770822   0.000773751      0.232586   0.000774451      0.999989   -0.00470153     -0.507585  -0.000770118    0.00470213      0.999989     -0.584918
     0.999999  -0.000787856   0.000664993      0.228891   0.000790712       0.99999   -0.00430675     -0.497371  -0.000661594    0.00430727      0.999991     -0.547408
     0.999999  -0.000665622    0.00102322      0.245865   0.000669901      0.999991   -0.00418761     -0.480761   -0.00102043    0.00418829      0.999991      -0.56512
     0.999999  -0.000718225    0.00112979       0.25358   0.000722923      0.999991   -0.00416301     -0.481607   -0.00112679    0.00416382      0.999991     -0.616856
     0.999999   -0.00102606    0.00124673       0.27015    0.00103148       0.99999    -0.0043618     -0.521075   -0.00124224    0.00436308       0.99999     -0.569806
     0.999999   -0.00108509    0.00101272      0.258364    0.00108964      0.999989   -0.00450298     -0.513654   -0.00100782    0.00450407      0.999989     -0.568161
     0.999999   -0.00112873    0.00113071      0.262152    0.00113354       0.99999   -0.00426272     -0.500078   -0.00112589    0.00426399       0.99999     -0.564009
     0.999999   -0.00118713   0.000785947      0.263019    0.00119067      0.999989     -0.004523     -0.538848  -0.000780569    0.00452393      0.999989     -0.520043
     0.999999   -0.00123799   0.000829011      0.263002    0.00124138      0.999991   -0.00410133     -0.478617  -0.000823926    0.00410236      0.999991     -0.544535
     0.999999   -0.00142028   0.000968436       0.29314    0.00142492      0.999987   -0.00480086     -0.536817  -0.000961606    0.00480223      0.999988     -0.570299
     0.999999   -0.00147068   0.000867828      0.293628    0.00147491      0.999987   -0.00489406     -0.560046  -0.000860619    0.00489533      0.999988     -0.510581
     0.999998   -0.00151244    0.00104955      0.281646    0.00151704      0.999989    -0.0043967      -0.48987   -0.00104289    0.00439829       0.99999     -0.553896
     0.999998    -0.0017463    0.00113486      0.296814    0.00175143      0.999988   -0.00454004     -0.510697   -0.00112692    0.00454201      0.999989     -0.523694
     0.999997   -0.00190742    0.00124819      0.312244    0.00191253       0.99999   -0.00411139     -0.479471   -0.00124034    0.00411377      0.999991     -0.490822
     0.999997   -0.00190536    0.00143869       0.32125    0.00191106       0.99999   -0.00397246     -0.456837   -0.00143111     0.0039752      0.999991     -0.502679
     0.999997   -0.00197585    0.00157768      0.324337     0.0019826      0.999989    -0.0042899     -0.482786   -0.00156918    0.00429301       0.99999     -0.521693
     0.999997   -0.00188374    0.00144462      0.327015     0.0018915      0.999984    -0.0053836     -0.627467   -0.00143446    0.00538632      0.999984      -0.50286
     0.999997   -0.00165831    0.00192793      0.368008    0.00167051      0.999978   -0.00634257     -0.789459   -0.00191737    0.00634577      0.999978     -0.610305
     0.999999  -0.000928239    0.00121313      0.321235   0.000934897      0.999984   -0.00549983     -0.612975     -0.001208    0.00550096      0.999984     -0.624117
     0.999999  -0.000623289    0.00109382      0.308184   0.000628794      0.999987   -0.00503972     -0.526139   -0.00109066    0.00504041      0.999987     -0.689186
     0.999999  -0.000605434    0.00136979      0.322397    0.00061223      0.999987   -0.00496638     -0.534259   -0.00136677    0.00496722      0.999987     -0.686707
     0.999998  -0.000627303    0.00172777      0.345385   0.000635265      0.999989   -0.00461186     -0.529413   -0.00172486    0.00461295      0.999988      -0.68505
     0.999998  -0.000683248     0.0018359      0.353961   0.000691882      0.999989   -0.00470654     -0.531181   -0.00183266     0.0047078      0.999987     -0.675421
     0.999998   -0.00052131    0.00184993      0.341239   0.000529541       0.99999   -0.00445164     -0.513339   -0.00184759    0.00445261      0.999988     -0.661661
     0.999998  -0.000714146    0.00189762      0.346427   0.000723648      0.999987   -0.00501143     -0.577148   -0.00189401    0.00501279      0.999986     -0.607494
     0.999998  -0.000600765    0.00168814      0.340297   0.000608894      0.999988   -0.00481915     -0.558719   -0.00168522    0.00482017      0.999987     -0.596912
     0.999998  -0.000570944    0.00188631      0.313417   0.000581577      0.999984   -0.00564113     -0.584226   -0.00188306    0.00564222      0.999982     -0.695323
     0.999997   -0.00116718    0.00193387      0.302331    0.00118028      0.999976   -0.00678676     -0.676375    -0.0019259    0.00678903      0.999975     -0.740363
     0.999998   -0.00102706    0.00157703      0.306254     0.0010349      0.999987   -0.00498112     -0.546663    -0.0015719    0.00498274      0.999986     -0.573223
     0.999998   -0.00114596    0.00132174      0.306668    0.00115283      0.999986   -0.00521079     -0.564336   -0.00131575     0.0052123      0.999986     -0.583395
     0.999999  -0.000983797    0.00122645      0.309238   0.000989876      0.999987   -0.00496578     -0.574685   -0.00122155    0.00496699      0.999987     -0.565504
     0.999999   -0.00110063    0.00120313      0.329548    0.00110664      0.999987   -0.00501154     -0.541484    -0.0011976    0.00501287      0.999987     -0.632141
     0.999998   -0.00128175    0.00143501      0.358181    0.00128918      0.999986    -0.0051863     -0.589964   -0.00142835    0.00518814      0.999986     -0.626309
     0.999999   -0.00141607    0.00088411      0.343731    0.00142078      0.999985   -0.00535311     -0.603003  -0.000876516    0.00535436      0.999985     -0.633371
     0.999999  -0.000954649    0.00114171      0.353756   0.000960455      0.999987   -0.00509602     -0.564505   -0.00113683    0.00509711      0.999986     -0.706638
     0.999999     -0.001167   0.000888291      0.356878    0.00117199      0.999983   -0.00563935     -0.636497  -0.000881695    0.00564038      0.999984     -0.677984
     0.999999  -0.000941069    0.00127498      0.362579   0.000951195      0.999968   -0.00796514     -0.760699   -0.00126745    0.00796635      0.999967     -0.927394
     0.999997   -0.00119081    0.00218545      0.404254    0.00121024       0.99996   -0.00890794     -0.788326   -0.00217475    0.00891055      0.999958     -0.963413
     0.999997   -0.00115604    0.00216664      0.406664     0.0011751       0.99996   -0.00881644     -0.789934   -0.00215636    0.00881896      0.999959     -0.966941
     0.999996   -0.00149716    0.00224421      0.432072    0.00151855      0.999953   -0.00955968     -0.890317   -0.00222979    0.00956305      0.999952     -0.939957
     0.999997   -0.00145537    0.00214365      0.408735    0.00147461      0.999958   -0.00900076     -0.865471   -0.00213046    0.00900389      0.999957     -0.898376
     0.999997   -0.00132442    0.00187485      0.370345     0.0013411      0.999959   -0.00892714     -0.812667   -0.00186295    0.00892963      0.999958     -0.973824
     0.999997    -0.0014372    0.00184846      0.380687    0.00145419      0.999956   -0.00922411     -0.840413   -0.00183513    0.00922677      0.999956     -0.998507
     0.999998   -0.00134197    0.00175661        0.3868    0.00135785      0.999958   -0.00906718     -0.852718   -0.00174437    0.00906955      0.999957     -0.947148
     0.999997    -0.0012408    0.00188904      0.393226     0.0012584      0.999956   -0.00934377     -0.859835   -0.00187736    0.00934613      0.999955     -0.971061
     0.999997   -0.00123586    0.00212455      0.402388     0.0012551      0.999958   -0.00908012     -0.839905   -0.00211324    0.00908276      0.999957      -1.00659
     0.999998   -0.00131431    0.00170606       0.37976     0.0013271      0.999971   -0.00751917     -0.787247   -0.00169613    0.00752142       0.99997     -0.792988
     0.999998   -0.00132302    0.00170904      0.365612    0.00133566      0.999972   -0.00741738     -0.741202   -0.00169918    0.00741965      0.999971     -0.816463
     0.999996   -0.00149837    0.00218244      0.379467     0.0015156      0.999968   -0.00791488     -0.766967   -0.00217051    0.00791816      0.999966     -0.854898
     0.999997   -0.00152572    0.00201692      0.379423    0.00154185      0.999967   -0.00801936     -0.810428   -0.00200461    0.00802244      0.999966     -0.803087
     0.999997   -0.00154831    0.00206877      0.379117    0.00156468      0.999967    -0.0079371     -0.766955   -0.00205641    0.00794031      0.999966      -0.82362
     0.999996   -0.00150875    0.00232714      0.394287    0.00152678      0.999969   -0.00776196     -0.761857   -0.00231536    0.00776548      0.999967     -0.840995
     0.999997   -0.00155409    0.00211858      0.390134    0.00157097      0.999967   -0.00798746     -0.817788    -0.0021061    0.00799076      0.999966     -0.786678
     0.999996   -0.00154589    0.00225863      0.384117    0.00156302       0.99997   -0.00760237     -0.760518   -0.00224681    0.00760588      0.999969     -0.798685
     0.999996   -0.00170903      0.002462      0.398139    0.00172775      0.999969    -0.0076225     -0.755336    -0.0024489    0.00762672      0.999968     -0.792979
     0.999997   -0.00129851    0.00224792      0.383596    0.00131339      0.999977   -0.00663035     -0.692735   -0.00223926    0.00663328      0.999975     -0.743096
     0.999997   -0.00138673    0.00224387      0.375213    0.00140092      0.999979   -0.00633189     -0.682608   -0.00223504    0.00633501      0.999977     -0.727229
     0.999998   -0.00139302    0.00164024      0.335196    0.00140279      0.999981   -0.00596558     -0.641724    -0.0016319    0.00596787      0.999981      -0.70101
     0.999997    -0.0015475     0.0018135      0.363495    0.00155916      0.999978   -0.00644741     -0.708129   -0.00180349    0.00645022      0.999978     -0.657505
     0.999997   -0.00154767    0.00171324      0.365245     0.0015584      0.999979   -0.00627928     -0.739888   -0.00170349    0.00628193      0.999979      -0.54884
     0.999998   -0.00134707    0.00144215      0.331805     0.0013564      0.999978   -0.00648367     -0.671323   -0.00143338    0.00648562      0.999978     -0.608722
     0.999998   -0.00182896    0.00123547      0.332527    0.00183716      0.999976   -0.00667122     -0.701593   -0.00122323    0.00667347      0.999977     -0.602487
     0.999999   -0.00139837   0.000850068      0.338692    0.00140414      0.999976    -0.0068288      -0.70364  -0.000840499    0.00682998      0.999976     -0.619937
     0.999999   -0.00127485   0.000564547      0.308222    0.00127882      0.999974   -0.00707917     -0.661293  -0.000555508    0.00707989      0.999975     -0.551187
     0.999999   -0.00094548   0.000678353      0.306366   0.000952433      0.999946    -0.0103235      -0.87855  -0.000668556     0.0103242      0.999946     -0.699453
     0.999999    -0.0010395    0.00087921      0.305129    0.00104756      0.999957   -0.00921419     -0.777294  -0.000869594     0.0092151      0.999957     -0.670553
     0.999999  -0.000776129    0.00107681      0.307527   0.000785312      0.999963   -0.00855376     -0.686778   -0.00107013    0.00855459      0.999963     -0.684561
     0.999999  -0.000768586    0.00115993      0.324602   0.000777348      0.999971   -0.00757233     -0.650244   -0.00115408    0.00757322      0.999971     -0.667844
     0.999999   -0.00104268    0.00100417      0.333125    0.00105007      0.999972    -0.0073902     -0.658829  -0.000996436    0.00739124      0.999972     -0.644341
     0.999998   -0.00132384     0.0012595      0.346795    0.00133365      0.999968   -0.00782622     -0.741481    -0.0012491    0.00782789      0.999969     -0.581465
     0.999998   -0.00156848    0.00093818      0.333367    0.00157622      0.999964    -0.0083148     -0.806516  -0.000925105    0.00831627      0.999965     -0.508986
     0.999998   -0.00174297    0.00107752      0.338191     0.0017513      0.999968   -0.00777624     -0.761151   -0.00106394    0.00777811      0.999969     -0.506948
     0.999998   -0.00173679    0.00120459      0.339255    0.00174578       0.99997   -0.00750242     -0.724648   -0.00119152     0.0075045      0.999971     -0.534337
     0.999997   -0.00203428    0.00136774       0.35952    0.00204451       0.99997   -0.00752221     -0.689413    -0.0013524    0.00752499      0.999971     -0.594192
     0.999996   -0.00248419   0.000995641      0.335035    0.00249054      0.999976   -0.00643271     -0.655893  -0.000979637    0.00643516      0.999979     -0.534054
     0.999997   -0.00242463   0.000915835      0.322465    0.00243057      0.999976   -0.00654781     -0.706827  -0.000899937    0.00655001      0.999978     -0.591857
     0.999997   -0.00202259    0.00141891      0.246544    0.00203903       0.99993    -0.0116783     -0.853792   -0.00139519     0.0116812      0.999931     -0.637669
     0.999997   -0.00216717    0.00126937      0.225881    0.00217918      0.999952   -0.00954006     -0.703122   -0.00124864     0.0095428      0.999954     -0.406035
     0.999997   -0.00182082    0.00138083      0.214685    0.00183022      0.999975   -0.00683159     -0.439866   -0.00136835     0.0068341      0.999976     -0.295282
     0.999998   -0.00165388   0.000865652      0.182691    0.00165943      0.999978   -0.00645254     -0.394447  -0.000854961    0.00645397      0.999979      -0.30281
     0.999998   -0.00166985   0.000995482      0.184066    0.00167632      0.999977   -0.00653145      -0.39131  -0.000984552     0.0065331      0.999978     -0.292591
     0.999998   -0.00187748   0.000841261      0.189096    0.00188303      0.999976   -0.00664946     -0.416268  -0.000828756    0.00665103      0.999978     -0.280327
     0.999997   -0.00221522   0.000998284      0.201862    0.00222209      0.999973   -0.00693401     -0.503716  -0.000982897    0.00693621      0.999975     -0.239277
     0.999997   -0.00213834     0.0008567      0.178923    0.00214396      0.999976   -0.00661489     -0.470484  -0.000842535    0.00661671      0.999978     -0.228866
     0.999997   -0.00223773    0.00100188      0.192008    0.00224428      0.999976   -0.00658199     -0.435415  -0.000987127    0.00658422      0.999978     -0.291847
     0.999996   -0.00239166    0.00114861      0.205111    0.00239909      0.999976   -0.00651173     -0.480653   -0.00113301    0.00651446      0.999978     -0.238797
     0.999998   -0.00179478    0.00123286      0.225704    0.00180311      0.999975   -0.00679339     -0.576741   -0.00122064     0.0067956      0.999976     -0.386184
     0.999998   -0.00160932    0.00149268      0.218825    0.00161782      0.999982   -0.00570971     -0.490606   -0.00148346    0.00571212      0.999983     -0.380114
     0.999997   -0.00172448    0.00187707      0.235541    0.00173429      0.999985   -0.00523698     -0.470741   -0.00186801    0.00524021      0.999985     -0.387573
     0.999996   -0.00213753    0.00193997      0.242149    0.00214898       0.99998   -0.00591739     -0.567535   -0.00192728    0.00592154      0.999981     -0.345156
     0.999996   -0.00219146    0.00189799      0.239902    0.00220246      0.999981   -0.00581026     -0.578311   -0.00188522    0.00581441      0.999981     -0.281298
     0.999996   -0.00204673    0.00192815      0.238394    0.00205658      0.999985   -0.00512172     -0.489492   -0.00191763    0.00512566      0.999985     -0.329765
     0.999996   -0.00194051    0.00207594      0.248676    0.00195083      0.999986   -0.00498216     -0.460259   -0.00206624    0.00498619      0.999985     -0.360827
     0.999995   -0.00211197    0.00219867      0.255394    0.00212366      0.999984   -0.00532771     -0.481225   -0.00218738    0.00533235      0.999983     -0.339996
     0.999995   -0.00232743     0.0022755      0.258261    0.00234023      0.999981   -0.00564078     -0.547038   -0.00226233    0.00564607      0.999982     -0.271683
     0.999996   -0.00214433    0.00200149       0.24114    0.00215499      0.999983   -0.00534044     -0.519543   -0.00199001    0.00534473      0.999984     -0.252714
     0.999995   -0.00210969    0.00236652      0.255304    0.00212252      0.999983    -0.0054353     -0.488036   -0.00235502    0.00544029      0.999982     -0.324532
     0.999995   -0.00215751    0.00246707      0.266839    0.00217014      0.999984   -0.00513011     -0.466718   -0.00245597    0.00513544      0.999984     -0.350759
     0.999994   -0.00227995    0.00251616       0.27122    0.00229255      0.999985   -0.00501672     -0.451572   -0.00250469    0.00502246      0.999984     -0.327149
     0.999994    -0.0023144    0.00261245      0.279279    0.00232799      0.999984   -0.00521131     -0.468852   -0.00260035    0.00521736      0.999983     -0.309174
     0.999993   -0.00244923    0.00279793      0.282948    0.00246421      0.999983    -0.0053653     -0.525313   -0.00278474    0.00537216      0.999982     -0.271656
     0.999994   -0.00247986    0.00249508      0.262319    0.00249686      0.999974   -0.00683212     -0.680531   -0.00247807    0.00683831      0.999974     -0.340955
     0.999995   -0.00238005    0.00217645      0.227008    0.00239481      0.999974   -0.00680193     -0.620084    -0.0021602     0.0068071      0.999974     -0.411324
     0.999993   -0.00230656    0.00279987      0.257358    0.00232399      0.999978   -0.00623916     -0.546019   -0.00278542    0.00624563      0.999977     -0.503424
