# 3dvolreg matrices (DICOM-to-DICOM, row-by-row):
            1             0             0            -0             0             1             0            -0             0             0             1            -0
            1   0.000321898   0.000124201    0.00255321  -0.000321862             1  -0.000286145     0.0118577  -0.000124293   0.000286105             1    0.00200808
            1   0.000605077  -0.000185977   -0.00678621  -0.000605035             1   0.000222034      0.040258   0.000186112  -0.000221921             1    0.00310995
            1   0.000825802   5.85432e-05   -0.00594748   -0.00082581             1    0.00014922     0.0333741    -5.842e-05  -0.000149268             1      0.029064
     0.999999    0.00117676  -6.72446e-05    0.00300457   -0.00117673      0.999999   0.000520744     0.0250768   6.78574e-05  -0.000520665             1     0.0507553
     0.999999    0.00124043  -1.52192e-05    0.00754428   -0.00124042      0.999999     0.0010851       0.04578   1.65651e-05   -0.00108508      0.999999     0.0484271
     0.999999    0.00102955  -0.000126576    0.00693119   -0.00102939      0.999999    0.00123089     0.0657424   0.000127843   -0.00123075      0.999999     0.0666788
     0.999999    0.00145034   5.78468e-05     0.0120972   -0.00145048      0.999996    0.00258812      0.109531  -5.40929e-05    -0.0025882      0.999997     0.0918391
     0.999999    0.00137829   0.000122598     0.0113678   -0.00137861      0.999996    0.00265931      0.111749  -0.000118932   -0.00265948      0.999996       0.12324
     0.999999    0.00163453   0.000102108     0.0131118   -0.00163482      0.999994    0.00299023      0.134281  -9.72197e-05   -0.00299039      0.999996      0.124265
     0.999999    0.00158636   0.000300933     0.0278238   -0.00158739      0.999993    0.00346656      0.147301  -0.000295432   -0.00346704      0.999994       0.12629
     0.999998    0.00178819    0.00029019     0.0343753   -0.00178926      0.999991    0.00372979      0.145817  -0.000283517    -0.0037303      0.999993      0.148692
     0.999998    0.00173246   0.000293728     0.0303819   -0.00173364       0.99999    0.00404214      0.167907  -0.000286722   -0.00404264      0.999992      0.155585
     0.999998    0.00198743   0.000171294     0.0279123   -0.00198816      0.999988    0.00437945      0.206874  -0.000162588   -0.00437978       0.99999      0.181697
     0.999997    0.00225943  -5.03833e-05     0.0124098   -0.00225914      0.999985    0.00507399      0.204868   6.18469e-05   -0.00507387      0.999987      0.164352
     0.999997    0.00250144   0.000293343     0.0262838   -0.00250318      0.999978     0.0060993      0.262582   -0.00027808   -0.00610001      0.999981      0.180392
     0.999996    0.00291681   0.000432405     0.0365401   -0.00291951      0.999975    0.00638964      0.303151  -0.000413757   -0.00639087      0.999979      0.189541
     0.999995    0.00291977   0.000689233     0.0527348   -0.00292457      0.999971    0.00706244      0.310986  -0.000668592   -0.00706442      0.999975       0.21928
     0.999995    0.00305624   0.000357093     0.0344617   -0.00305873      0.999969    0.00721675      0.305606  -0.000335026   -0.00721781      0.999974      0.216321
     0.999996    0.00296035   0.000358697     0.0353658    -0.0029628      0.999971    0.00705097      0.308198  -0.000337813     -0.007052      0.999975      0.212932
     0.999995    0.00306009   0.000439936     0.0350418   -0.00306325      0.999968    0.00737568       0.32977  -0.000417351   -0.00737699      0.999973      0.225033
     0.999995    0.00297608   0.000639109     0.0321213   -0.00298094      0.999966    0.00774579      0.386234  -0.000616035   -0.00774766       0.99997      0.258985
     0.999994    0.00336194   0.000309138     0.0223973   -0.00336427      0.999963    0.00787653      0.375817  -0.000282646   -0.00787752      0.999969      0.248017
     0.999995      0.003251   0.000442918     0.0229025   -0.00325437      0.999964    0.00783678      0.367474  -0.000417424   -0.00783818      0.999969      0.244632
     0.999995    0.00328105   0.000281852    0.00435732   -0.00328318      0.999963    0.00790493      0.370717  -0.000255906   -0.00790581      0.999969      0.258667
     0.999994    0.00338055   0.000178464    0.00536758   -0.00338191       0.99996    0.00824203      0.395568  -0.000150594   -0.00824259      0.999966       0.29022
     0.999994     0.0034251   0.000274449    0.00813674   -0.00342737      0.999956    0.00876165      0.417693  -0.000244427   -0.00876254      0.999962      0.313038
     0.999993    0.00366666  -5.40951e-05   -0.00846291   -0.00366605      0.999955    0.00874047      0.426079    8.6141e-05   -0.00874021      0.999962      0.290337
     0.999993    0.00372725    3.3959e-05   -0.00253553    -0.0037274      0.999952    0.00911062      0.436124   1.86921e-10   -0.00911069      0.999958      0.289297
     0.999993     0.0037936   0.000273614    0.00403729   -0.00379596      0.999951    0.00919319       0.43756  -0.000238725   -0.00919416      0.999958        0.2983
     0.999992    0.00393418   4.89349e-05     -0.010265   -0.00393446      0.999953    0.00885399      0.431576  -1.40994e-05   -0.00885412      0.999961      0.322104
     0.999992    0.00410029  -0.000171438    -0.0210278   -0.00409847      0.999946    0.00952488      0.455964   0.000210483   -0.00952409      0.999955      0.331393
     0.999992    0.00409867   6.24266e-06    -0.0138781   -0.00409854      0.999946    0.00956357      0.468453   3.29556e-05   -0.00956352      0.999954      0.324059
     0.999991    0.00422285  -0.000169886    -0.0239243   -0.00422087      0.999937     0.0103583      0.489155   0.000213618    -0.0103575      0.999946      0.326126
     0.999991    0.00428609  -9.12305e-05    -0.0255671   -0.00428493      0.999938     0.0102567       0.50984   0.000135186    -0.0102562      0.999947      0.341464
     0.999992     0.0040962   9.12447e-05    -0.0119271   -0.00409692      0.999939     0.0102455      0.501966  -4.92716e-05    -0.0102458      0.999948      0.361187
     0.999992    0.00407688  -0.000100112    -0.0226615   -0.00407562      0.999937     0.0104369      0.528015   0.000142655    -0.0104364      0.999946       0.32466
     0.999991    0.00430318  -0.000149593    -0.0268111   -0.00430141      0.999938     0.0103063       0.53186   0.000193934    -0.0103055      0.999947      0.283448
      0.99999    0.00446354   -8.5685e-05     -0.032253   -0.00446238      0.999934     0.0106171       0.51381   0.000133069    -0.0106167      0.999944       0.30885
     0.999991    0.00425182    5.2014e-05    -0.0237576   -0.00425213       0.99993     0.0110717      0.538017  -4.93565e-06    -0.0110718      0.999939      0.336922
      0.99999    0.00451682  -3.51252e-05    -0.0336764   -0.00451615      0.999928     0.0111413      0.577793    8.5446e-05     -0.011141      0.999938      0.351195
      0.99999    0.00443656   0.000150165    -0.0229954   -0.00443804      0.999919     0.0119222      0.593305  -9.72591e-05    -0.0119228      0.999929       0.36816
      0.99999    0.00447554   0.000113776    -0.0250558   -0.00447658      0.999918     0.0119651       0.60591  -6.02169e-05    -0.0119655      0.999928      0.320757
     0.999989    0.00473722   0.000143258     -0.031842    -0.0047386      0.999916     0.0120771      0.623199  -8.60337e-05    -0.0120777      0.999927        0.3044
     0.999988     0.0048161   7.42256e-05     -0.038404   -0.00481663      0.999922     0.0114829      0.596253  -1.89169e-05    -0.0114832      0.999934      0.278536
      0.99999    0.00448854   0.000463979     -0.018217   -0.00449357      0.999924     0.0114774      0.567856  -0.000412427    -0.0114794      0.999934      0.334149
     0.999989    0.00467661   0.000337616    -0.0323444   -0.00468054      0.999908     0.0127676       0.65983  -0.000277876     -0.012769      0.999918      0.350901
     0.999989    0.00470588   0.000276988    -0.0308069   -0.00470915        0.9999     0.0133198      0.656163  -0.000214279     -0.013321      0.999911      0.342649
     0.999988    0.00491582   0.000647647    -0.0147669   -0.00492423      0.999894     0.0136933       0.67014  -0.000580265    -0.0136963      0.999906      0.318026
     0.999988    0.00488665   0.000618994    -0.0282721   -0.00489447      0.999899     0.0133372      0.655039  -0.000553757    -0.0133401      0.999911      0.334594
     0.999988    0.00475413    0.00111323    -0.0113559   -0.00477045      0.999874      0.015152      0.725979   -0.00104106    -0.0151572      0.999885      0.388439
     0.999987    0.00496956    0.00121273     0.0034938   -0.00498804      0.999864     0.0157443       0.79349   -0.00113432    -0.0157502      0.999875      0.379736
     0.999983    0.00556539    0.00178635     0.0290246   -0.00559522      0.999837     0.0171517      0.854949    -0.0016906    -0.0171614      0.999851      0.397811
     0.999982    0.00580941    0.00157785     0.0246687   -0.00583494      0.999844     0.0166906      0.834408   -0.00148064    -0.0166995      0.999859      0.384592
     0.999982    0.00584367    0.00148765     0.0126097   -0.00586788      0.999841     0.0168233      0.837523   -0.00138911    -0.0168317      0.999857      0.383725
     0.999982     0.0058794    0.00136717   -0.00170495   -0.00590153      0.999842     0.0167901      0.861755   -0.00126824    -0.0167978      0.999858      0.380508
     0.999983    0.00570922    0.00151192     0.0033443   -0.00573459      0.999833     0.0173446      0.860513   -0.00141265     -0.017353      0.999848      0.400202
     0.999984    0.00527121    0.00194569     0.0372777   -0.00529972      0.999874     0.0149497      0.834235   -0.00186664    -0.0149598      0.999886      0.279204
     0.999977    0.00646711    0.00200128     0.0371875   -0.00649268      0.999894     0.0130429      0.800376   -0.00191672    -0.0130556      0.999913      0.156794
     0.999976    0.00661497     0.0019122     0.0179482   -0.00664333      0.999862     0.0152304      0.729371   -0.00181119    -0.0152427      0.999882      0.327795
     0.999981    0.00585339    0.00200831    0.00977017   -0.00588449      0.999857     0.0158424      0.801622   -0.00191529     -0.015854      0.999872      0.339281
     0.999983    0.00545498    0.00226331    0.00897239   -0.00549222      0.999844     0.0167888      0.848973   -0.00217137     -0.016801      0.999856      0.353276
     0.999987     0.0040591    0.00319131     0.0694577   -0.00410655      0.999879     0.0150049      0.790087   -0.00313001    -0.0150178      0.999882      0.339181
     0.999985    0.00495218    0.00241449     0.0445182   -0.00498742      0.999878     0.0148142      0.838315   -0.00234083     -0.014826      0.999887      0.372289
     0.999983    0.00542464    0.00208954     0.0156702   -0.00545679      0.999862     0.0157023      0.837936   -0.00200407    -0.0157135      0.999875      0.377395
     0.999982    0.00578485    0.00175557    -0.0015707   -0.00581154      0.999861      0.015599      0.831038   -0.00166509    -0.0156089      0.999877      0.403811
     0.999983    0.00564854    0.00156707    -0.0205051   -0.00567307      0.999854      0.016117      0.883623   -0.00147581    -0.0161256      0.999869      0.379845
     0.999985      0.005182    0.00169687    -0.0294142   -0.00520714      0.999871     0.0151627      0.851521   -0.00161808    -0.0151713      0.999884      0.317399
     0.999983    0.00557326    0.00150653    -0.0527451   -0.00559497      0.999875     0.0148143      0.829817   -0.00142377    -0.0148225      0.999889      0.329039
     0.999982    0.00576436    0.00140309    -0.0659128   -0.00578546      0.999863     0.0155265      0.864021    -0.0013134    -0.0155344      0.999878      0.360613
     0.999982    0.00587024    0.00106257    -0.0738467   -0.00588724      0.999842     0.0167712      0.896679  -0.000963948    -0.0167772      0.999859      0.389049
     0.999983    0.00570252    0.00106041    -0.0742959   -0.00571888      0.999854     0.0161274      0.891594  -0.000968292    -0.0161332      0.999869      0.392662
     0.999982    0.00587716    0.00113326    -0.0697147   -0.00589517      0.999845     0.0166085      0.914899   -0.00103548    -0.0166149      0.999861      0.417307
     0.999984    0.00520767    0.00224976    0.00443196    -0.0052475      0.999823     0.0180789      0.957575   -0.00215522    -0.0180904      0.999834      0.481346
     0.999982    0.00528294    0.00281913     0.0237935   -0.00533231      0.999827     0.0178024       1.00062   -0.00272459    -0.0178171      0.999838      0.512309
     0.999981    0.00550722    0.00286532     0.0211176   -0.00555757      0.999825     0.0178713      0.942656    -0.0027664    -0.0178868      0.999836      0.466302
      0.99998    0.00560934    0.00281231      0.011331   -0.00565629       0.99984     0.0169763       0.94478   -0.00271664    -0.0169919      0.999852      0.472616
     0.999981     0.0056711    0.00259381     0.0104196   -0.00571656      0.999824     0.0178654      0.952782   -0.00249204    -0.0178799      0.999837      0.458387
      0.99998    0.00588593    0.00251259    0.00176045   -0.00592946      0.999826     0.0176843      0.943514   -0.00240806    -0.0176988       0.99984       0.45872
      0.99998    0.00572345    0.00252362    0.00404629   -0.00576709      0.999828     0.0176398      0.960988   -0.00242223     -0.017654      0.999841      0.469483
     0.999978    0.00617149    0.00226701    -0.0144209   -0.00621102      0.999821     0.0178644      0.967888   -0.00215636    -0.0178781      0.999838      0.507998
     0.999979    0.00616785    0.00215906    -0.0115778   -0.00620672       0.99981     0.0184844       0.97305   -0.00204464    -0.0184974      0.999827       0.49984
     0.999979    0.00609217    0.00207349    -0.0172335   -0.00612853      0.999819     0.0180029      0.982827   -0.00196344    -0.0180153      0.999836      0.486944
     0.999979    0.00613464    0.00228851    -0.0104692   -0.00617427      0.999824     0.0177302      0.954182   -0.00217934    -0.0177439       0.99984      0.508214
     0.999978    0.00626379    0.00217385    -0.0178672   -0.00630212      0.999816     0.0180982      0.958681   -0.00206009    -0.0181115      0.999834      0.495947
     0.999978    0.00624262    0.00217042    -0.0173299   -0.00628191      0.999807     0.0185926       1.00125   -0.00205394    -0.0186058      0.999825      0.513412
     0.999978     0.0063579    0.00213776    -0.0226409   -0.00639607      0.999811     0.0183482      0.993448    -0.0020207    -0.0183614      0.999829      0.521651
     0.999981    0.00574421    0.00240286    -0.0153658   -0.00578711      0.999817     0.0182451       1.01574   -0.00229762    -0.0182586      0.999831      0.516968
      0.99998    0.00590556    0.00230127    -0.0161555   -0.00594636      0.999818     0.0181451      0.972319    -0.0021937    -0.0181584      0.999833      0.470817
     0.999975    0.00626774    0.00330273      0.034241   -0.00632196      0.999841     0.0166721      0.941813   -0.00319771    -0.0166926      0.999856      0.411783
     0.999974    0.00647987    0.00303972     0.0220759   -0.00653358      0.999817     0.0180031      0.983665    -0.0029225    -0.0180225      0.999833      0.497988
     0.999974    0.00674067    0.00254524    0.00823747   -0.00678724      0.999801     0.0187536       1.00673   -0.00241832    -0.0187704      0.999821      0.523683
     0.999972    0.00714261    0.00228906     0.0039693   -0.00718415        0.9998     0.0186853       1.00462   -0.00215514    -0.0187012      0.999823      0.520036
     0.999972    0.00727108    0.00202416   -0.00631647   -0.00730778      0.999797     0.0187559       1.03872   -0.00188737    -0.0187701      0.999822      0.526222
     0.999972    0.00725787    0.00191554    -0.0109656   -0.00729362      0.999786     0.0193645       1.05427   -0.00177459    -0.0193779      0.999811       0.54735
     0.999971    0.00736836    0.00202106   -0.00743379     -0.007405      0.999797     0.0187626       1.03576    -0.0018824     -0.018777      0.999822      0.508411
     0.999972     0.0072479    0.00201283    -0.0111838   -0.00728545      0.999787     0.0193188       1.03987   -0.00187238    -0.0193329      0.999811      0.538608
     0.999972     0.0072735    0.00184813     -0.018359    -0.0073072      0.999794     0.0189329       1.02248   -0.00171004    -0.0189459      0.999819      0.543617
      0.99997    0.00756791    0.00158216    -0.0309802   -0.00759745      0.999779     0.0195846       1.04884   -0.00143359     -0.019596      0.999807      0.554458
     0.999968    0.00784589    0.00173771    -0.0255191   -0.00787822       0.99978     0.0194553       1.02953   -0.00158468    -0.0194684      0.999809       0.53772
      0.99997    0.00751494    0.00175036    -0.0275478   -0.00754726      0.999786     0.0192504        1.0368   -0.00160532    -0.0192631      0.999813      0.572228
     0.999968    0.00787186    0.00166552    -0.0338008   -0.00790357      0.999769     0.0199793       1.07426   -0.00150786    -0.0199918      0.999799      0.567103
     0.999967    0.00792758    0.00185292    -0.0256112   -0.00796404      0.999757     0.0205763       1.08926   -0.00168934    -0.0205904      0.999787      0.588429
     0.999966    0.00803585    0.00181441    -0.0334068   -0.00807149      0.999756     0.0205775        1.1167   -0.00164861    -0.0205914      0.999787      0.603164
     0.999969    0.00759132    0.00198071    -0.0369163     -0.007631      0.999753     0.0208594       1.11108   -0.00182187    -0.0208739       0.99978        0.5968
     0.999969    0.00756727    0.00200989    -0.0126551   -0.00760728      0.999757     0.0207097        1.1189   -0.00185268    -0.0207244      0.999784      0.557923
     0.999968    0.00769955    0.00217374    -0.0120924   -0.00774266      0.999758     0.0205768       1.11831   -0.00201479     -0.020593      0.999786       0.57739
     0.999969    0.00761508    0.00201847    -0.0203062   -0.00765477      0.999762     0.0204426       1.12214   -0.00186232    -0.0204575      0.999789      0.582689
     0.999967    0.00794661    0.00195787    -0.0246364   -0.00798579       0.99975     0.0208895       1.15188   -0.00179138    -0.0209045       0.99978      0.555548
     0.999965    0.00810709    0.00200474    -0.0248217   -0.00814771      0.999743      0.021165       1.15063   -0.00183263    -0.0211806      0.999774      0.562111
     0.999968    0.00775325    0.00190339     -0.034381   -0.00779059       0.99976     0.0204691       1.12604   -0.00174423    -0.0204832      0.999789      0.583177
     0.999967    0.00793789    0.00181881      -0.03751   -0.00797375      0.999755     0.0206408       1.14695   -0.00165452    -0.0206547      0.999785      0.574363
     0.999966    0.00809168    0.00173608    -0.0509295   -0.00812597      0.999752     0.0207444       1.15689   -0.00156779    -0.0207578      0.999783      0.590375
     0.999966    0.00806968    0.00182533    -0.0557601    -0.0081063      0.999746     0.0210337       1.17072   -0.00165513    -0.0210478      0.999777      0.626561
     0.999968    0.00781035    0.00190102    -0.0622502   -0.00784934      0.999739     0.0214489       1.19514     -0.001733    -0.0214631      0.999768      0.627723
     0.999966    0.00804752    0.00201577    -0.0473385   -0.00808969      0.999728     0.0218684       1.21007   -0.00183924     -0.021884      0.999759      0.614829
     0.999966    0.00801506    0.00208618    -0.0484914     -0.008058      0.999737     0.0214617       1.19973   -0.00191361    -0.0214778      0.999767      0.628832
     0.999966    0.00798692     0.0020611     -0.053582    -0.0080293      0.999738     0.0214418       1.21147    -0.0018893    -0.0214576      0.999768      0.669785
     0.999966    0.00795205    0.00202782    -0.0473026   -0.00799424      0.999732     0.0217255       1.19829   -0.00185452    -0.0217409      0.999762      0.653212
     0.999965    0.00806043    0.00204184    -0.0503676   -0.00810285      0.999732     0.0216974       1.23313    -0.0018664    -0.0217132      0.999762      0.651157
     0.999965    0.00811648    0.00204999     -0.050357   -0.00815933      0.999728     0.0218388        1.2215   -0.00187217    -0.0218548      0.999759      0.674121
     0.999966    0.00803387    0.00209628    -0.0530537   -0.00807844      0.999721     0.0222016       1.22581   -0.00191733    -0.0222178      0.999751      0.682436
     0.999966    0.00801444    0.00203514    -0.0439754   -0.00805796      0.999717     0.0223653       1.26293   -0.00185532    -0.0223809      0.999748      0.644169
     0.999962    0.00841833    0.00208912    -0.0457519   -0.00846315      0.999712     0.0224635       1.23525   -0.00189941    -0.0224803      0.999745      0.660105
     0.999976    0.00662086     0.0020822    -0.0316804   -0.00666495      0.999737     0.0219299       1.22906   -0.00193646    -0.0219433      0.999757      0.623293
     0.999973    0.00713722    0.00177161      -0.04245   -0.00717638      0.999706     0.0231816       1.27999   -0.00160563    -0.0231937       0.99973      0.633679
     0.999971     0.0073901    0.00169468    -0.0462076   -0.00742796      0.999695     0.0235445       1.27044   -0.00152017    -0.0235564      0.999721      0.633292
     0.999968    0.00777301    0.00192725    -0.0424572   -0.00781649      0.999689     0.0236859       1.29251   -0.00174254    -0.0237002      0.999718      0.653729
     0.999976    0.00658356    0.00234617    0.00188677   -0.00663489      0.999723     0.0225873       1.19815   -0.00219682    -0.0226024      0.999742       0.69828
     0.999971    0.00732453    0.00226545   -0.00903952   -0.00737362       0.99972     0.0224796       1.28875   -0.00210016    -0.0224956      0.999745      0.687187
     0.999969    0.00757737     0.0020841    -0.0132338     -0.007624      0.999698     0.0233592        1.2914   -0.00190647    -0.0233744      0.999725      0.661629
     0.999968    0.00767978    0.00214027    -0.0159374   -0.00772656      0.999711     0.0227814       1.27653    -0.0019647    -0.0227972      0.999738      0.650622
     0.999968    0.00771062    0.00211299    -0.0218317   -0.00775661      0.999712     0.0226998       1.24866   -0.00193735    -0.0227154       0.99974      0.708833
     0.999966    0.00807099    0.00195775    -0.0184862    -0.0081135      0.999708      0.022777       1.25608   -0.00177335    -0.0227921      0.999739       0.63916
     0.999965    0.00811654    0.00182206    -0.0311655   -0.00815762      0.999683     0.0238059       1.27708   -0.00162826      -0.02382      0.999715      0.681662
     0.999965    0.00811684    0.00184099    -0.0383031    -0.0081545      0.999736     0.0214686        1.2221   -0.00166624    -0.0214828      0.999768      0.645811
     0.999961    0.00863037    0.00175807    -0.0326186   -0.00866786      0.999708     0.0225673       1.25754   -0.00156279    -0.0225817      0.999744      0.634801
     0.999959      0.008877    0.00178074    -0.0364888   -0.00891517      0.999702     0.0227132       1.27616   -0.00157859    -0.0227282       0.99974      0.635816
     0.999965    0.00821125    0.00180924    -0.0404493   -0.00824958      0.999717     0.0223092       1.24343   -0.00162554    -0.0223233      0.999749      0.643711
     0.999963     0.0083976     0.0017418    -0.0454435   -0.00843483      0.999709     0.0225989       1.26351   -0.00155152    -0.0226128      0.999743      0.648574
      0.99996    0.00881164    0.00156553     -0.050999   -0.00884517      0.999699     0.0228819        1.2804   -0.00136343    -0.0228948      0.999737      0.648249
      0.99996    0.00878867    0.00176116    -0.0480068   -0.00882639      0.999703        0.0227       1.27695   -0.00156114    -0.0227147      0.999741      0.666507
     0.999961    0.00866516    0.00169335    -0.0429876   -0.00870115      0.999708     0.0225456       1.27156    -0.0014975    -0.0225594      0.999744      0.663828
     0.999959     0.0089059    0.00171079    -0.0481725   -0.00894296      0.999695     0.0230392       1.28568   -0.00150508    -0.0230535      0.999733      0.679221
     0.999962    0.00853772    0.00169031    -0.0465295   -0.00857486      0.999691     0.0233447       1.28558   -0.00149048    -0.0233584      0.999726      0.689621
      0.99996    0.00869322    0.00188519    -0.0333251    -0.0087344      0.999696     0.0230687       1.28521   -0.00168407    -0.0230842      0.999732      0.669556
     0.999957    0.00905602    0.00193667    -0.0274084    -0.0090989      0.999685     0.0234108        1.3159   -0.00172405    -0.0234274      0.999724      0.687977
      0.99996    0.00878228     0.0019111    -0.0388998   -0.00882497      0.999682     0.0236133        1.3293   -0.00170311    -0.0236292      0.999719      0.711128
     0.999959    0.00888564    0.00177088    -0.0415271   -0.00892499      0.999681     0.0236137       1.30468    -0.0015605    -0.0236286       0.99972      0.711682
     0.999961    0.00872236    0.00159966    -0.0460773   -0.00875766      0.999684     0.0235739       1.31859   -0.00139353     -0.023587      0.999721      0.722598
     0.999959     0.0089185     0.0015593    -0.0539833   -0.00895302      0.999678     0.0237515       1.34231   -0.00134697    -0.0237645      0.999717      0.734416
     0.999961     0.0086901    0.00144089    -0.0604145   -0.00872234      0.999671     0.0241269       1.35292   -0.00123075    -0.0241385      0.999708      0.742139
     0.999957    0.00912421    0.00134546    -0.0611552    -0.0091537      0.999674     0.0238421       1.34555   -0.00112748    -0.0238534      0.999715      0.736397
     0.999958     0.0089943    0.00163412    -0.0348978   -0.00903256      0.999643     0.0251469       1.38775   -0.00140736    -0.0251606      0.999682       0.75468
     0.999959    0.00888132    0.00164906    -0.0368829   -0.00891876      0.999665     0.0242903       1.35472   -0.00143277    -0.0243041      0.999704      0.749164
      0.99996    0.00883816    0.00162708    -0.0364664   -0.00887489      0.999669     0.0241523       1.34753   -0.00141308    -0.0241657      0.999707      0.763965
      0.99996    0.00878402    0.00163945    -0.0433048   -0.00882069      0.999676     0.0238882       1.36041   -0.00142908    -0.0239017      0.999713      0.711925
     0.999958    0.00907324    0.00135869    -0.0457661   -0.00910369      0.999661      0.024397       1.37056   -0.00113687    -0.0244083      0.999701       0.71009
     0.999957    0.00909076    0.00158477    -0.0474882   -0.00912685      0.999658     0.0244889       1.34437    -0.0013616    -0.0245024      0.999699      0.717948
     0.999959     0.0089107    0.00167045    -0.0553727   -0.00894868      0.999665     0.0243043       1.34886   -0.00145332    -0.0243182      0.999703      0.748593
     0.999956    0.00924291    0.00155181    -0.0552891   -0.00927842      0.999652     0.0246927       1.36499   -0.00132304     -0.024706      0.999694      0.747472
     0.999958    0.00898315    0.00167855     -0.042973   -0.00902165      0.999658     0.0245371       1.37748   -0.00145756    -0.0245512      0.999698      0.722484
     0.999959     0.0089269    0.00166334    -0.0444484     -0.008964      0.999676     0.0238211       1.36925   -0.00145015     -0.023835      0.999715      0.716044
     0.999958    0.00897937    0.00170312    -0.0441852   -0.00901888      0.999651     0.0248154       1.39837    -0.0014797    -0.0248297      0.999691      0.754097
     0.999959    0.00885364    0.00163317    -0.0427566    -0.0088911      0.999659     0.0245644       1.39525   -0.00141513    -0.0245779      0.999697      0.748138
     0.999957     0.0091007    0.00174453    -0.0405367   -0.00914046      0.999662     0.0243261       1.39941   -0.00152255     -0.024341      0.999703      0.757685
      0.99996    0.00879936    0.00160693    -0.0576178    -0.0088367       0.99965     0.0249342        1.4308   -0.00138696    -0.0249474      0.999688      0.797432
     0.999959    0.00890537    0.00158324    -0.0495585   -0.00894234      0.999644     0.0251204       1.41291   -0.00135897    -0.0251335      0.999683      0.776456
     0.999958    0.00898685    0.00153227    -0.0577629   -0.00902233      0.999647      0.024983       1.42597   -0.00130721    -0.0249958      0.999687      0.796205
     0.999959    0.00897255    0.00153716    -0.0496422   -0.00900856       0.99964     0.0252854       1.44838   -0.00130973    -0.0252982      0.999679       0.82004
     0.999961    0.00872347     0.0015518    -0.0515313   -0.00875982      0.999644     0.0252051       1.42909   -0.00133137    -0.0252177      0.999681      0.790145
      0.99996    0.00884185    0.00164949    -0.0488631   -0.00888029      0.999649      0.024966       1.41968   -0.00142817    -0.0249796      0.999687      0.801972
     0.999957    0.00910101    0.00185194    -0.0356167   -0.00914509      0.999636     0.0253743       1.43549   -0.00162034    -0.0253902      0.999676      0.832753
     0.999958    0.00900737    0.00173057    -0.0330889   -0.00904881       0.99963     0.0256549       1.44583   -0.00149885    -0.0256694      0.999669      0.825827
     0.999959    0.00890351    0.00152248     -0.044088   -0.00893929      0.999638     0.0253834       1.42951   -0.00129593    -0.0253959      0.999677      0.820188
     0.999959    0.00895624    0.00133245    -0.0613266   -0.00898691      0.999644     0.0251309       1.42194    -0.0011069    -0.0251418      0.999683      0.835161
     0.999956    0.00929597    0.00127091    -0.0569834   -0.00932547      0.999629     0.0256032       1.44785   -0.00103243    -0.0256139      0.999671      0.805849
     0.999957    0.00921578    0.00139674    -0.0625901   -0.00924767      0.999648     0.0248649       1.41002    -0.0011671    -0.0248768       0.99969      0.824751
     0.999956    0.00928148    0.00138596    -0.0561406   -0.00931364      0.999635     0.0253522       1.41896   -0.00115015    -0.0253639      0.999678      0.801941
     0.999962    0.00850254    0.00176061     -0.034982   -0.00854453      0.999641     0.0254006       1.43264   -0.00154401    -0.0254147      0.999676      0.812157
     0.999969    0.00765498    0.00187848    -0.0496367   -0.00770049      0.999644     0.0255502       1.43104   -0.00168222    -0.0255639      0.999672      0.785152
     0.999964    0.00822244    0.00184237    -0.0451803   -0.00826687      0.999639     0.0255642       1.42231   -0.00163151    -0.0255785      0.999671      0.780571
     0.999966    0.00807266    0.00177463    -0.0409325   -0.00811563      0.999637     0.0257097       1.42349   -0.00156644    -0.0257232      0.999668      0.836661
     0.999964    0.00830231    0.00171813    -0.0463831   -0.00834404       0.99963     0.0259008       1.45224   -0.00150245    -0.0259143      0.999663      0.829368
     0.999963    0.00838472    0.00189524    -0.0471787   -0.00843059      0.999635     0.0256509       1.44902   -0.00167947    -0.0256659      0.999669      0.842394
     0.999964    0.00831528    0.00188328    -0.0529597   -0.00836202      0.999618     0.0263392       1.49227   -0.00166354     -0.026354      0.999651      0.854785
     0.999962    0.00845365     0.0019131    -0.0440435   -0.00850097      0.999619     0.0262493       1.47315   -0.00169047    -0.0262646      0.999654      0.846291
     0.999964    0.00831353    0.00185915     -0.046275   -0.00835873      0.999632     0.0257889       1.45538   -0.00164407    -0.0258035      0.999666      0.857067
     0.999963    0.00835565    0.00180509    -0.0420711   -0.00839999      0.999623      0.026138        1.4898   -0.00158601    -0.0261522      0.999657      0.820345
     0.999964    0.00826764    0.00191175    -0.0432093   -0.00831491      0.999622     0.0262046       1.48928   -0.00169438    -0.0262196      0.999655      0.864891
     0.999966      0.007971    0.00209153    -0.0288044   -0.00802352      0.999618     0.0264324       1.47751   -0.00188004    -0.0264482      0.999648      0.900102
     0.999965    0.00817212    0.00188095    -0.0363747   -0.00821957      0.999608      0.026777       1.51993   -0.00166138    -0.0267916       0.99964      0.901845
     0.999963    0.00843815    0.00186262    -0.0411796   -0.00848471       0.99961     0.0265882       1.51443   -0.00163754     -0.026603      0.999645      0.871294
     0.999961    0.00861833    0.00182452    -0.0452981   -0.00866433        0.9996     0.0269189       1.55155   -0.00159179    -0.0269336      0.999636      0.901465
      0.99996    0.00880507    0.00180527    -0.0521895     -0.008849      0.999623     0.0259725       1.48496    -0.0015759    -0.0259874      0.999661       0.90776
      0.99996    0.00873937    0.00163432    -0.0522404   -0.00877938      0.999615     0.0263309       1.50222   -0.00140358    -0.0263442      0.999652      0.896606
      0.99996    0.00877539    0.00174979    -0.0438731   -0.00881909      0.999603     0.0267602       1.52738   -0.00151426    -0.0267746       0.99964      0.894222
     0.999958    0.00896969    0.00186037    -0.0381575   -0.00901637        0.9996     0.0268138       1.53682   -0.00161912    -0.0268294      0.999639      0.903735
      0.99996    0.00877628    0.00174092    -0.0439424   -0.00881958      0.999606     0.0266516       1.52501   -0.00150633    -0.0266659      0.999643       0.91002
     0.999962    0.00850801    0.00172782    -0.0480889   -0.00855049      0.999618     0.0262809       1.54537   -0.00150356    -0.0262947      0.999653      0.888841
     0.999961    0.00874536    0.00143773    -0.0583758   -0.00878109      0.999595     0.0270735       1.53763   -0.00120038    -0.0270851      0.999632      0.909031
     0.999961     0.0087517    0.00150981     -0.053751   -0.00878889      0.999605      0.026696       1.53626   -0.00127557    -0.0267082      0.999642      0.920068
     0.999959    0.00889068    0.00167596     -0.045094   -0.00893275      0.999594       0.02704       1.54384   -0.00143488    -0.0270539      0.999633      0.926655
     0.999959     0.0088752    0.00168184      -0.04718   -0.00891754      0.999593     0.0271111       1.54799   -0.00144053     -0.027125      0.999631      0.941916
      0.99996    0.00882059    0.00144668    -0.0507386    -0.0088568      0.999588     0.0272992       1.56664   -0.00120529    -0.0273109      0.999626       0.91441
     0.999959    0.00889622    0.00148728    -0.0500113   -0.00893393      0.999578     0.0276323       1.55721   -0.00124083    -0.0276445      0.999617      0.920041
     0.999959     0.0089684    0.00157896    -0.0470928   -0.00900766      0.999597     0.0269134       1.54798   -0.00133696    -0.0269265      0.999637      0.938304
     0.999962    0.00856366    0.00139575    -0.0523577   -0.00859851      0.999592     0.0272418        1.5507   -0.00116189    -0.0272528      0.999628      0.951737
     0.999959    0.00897357    0.00137892    -0.0551894   -0.00900819      0.999579     0.0275766       1.56752   -0.00113088    -0.0275879      0.999619       0.92979
     0.999957    0.00908508    0.00157118    -0.0531324   -0.00912512      0.999575     0.0276931       1.59463   -0.00131892    -0.0277063      0.999615      0.929832
      0.99996    0.00874581    0.00160626    -0.0457879   -0.00878644      0.999588     0.0273237       1.56864   -0.00136664    -0.0273367      0.999625      0.919449
      0.99995    0.00972015    0.00221111   -0.00782505   -0.00977342      0.999627     0.0255133       1.60552    -0.0019623    -0.0255336      0.999672      0.669344
     0.999953    0.00932173    0.00249198      0.021396   -0.00938482      0.999601     0.0266343        1.4711   -0.00224271    -0.0266564      0.999642      0.833301
     0.999951    0.00971052    0.00212328     0.0102936   -0.00976628      0.999559     0.0280536       1.53729   -0.00184992    -0.0280729      0.999604      0.846978
     0.999945     0.0102926    0.00211342    -0.0167868    -0.0103465      0.999573       0.02732       1.56826   -0.00183132    -0.0273404      0.999625       0.88225
     0.999951    0.00970403     0.0017518    -0.0248515   -0.00974803      0.999584     0.0271567       1.57913   -0.00148754    -0.0271725       0.99963      0.895084
     0.999964     0.0075996    0.00369547      0.107041   -0.00769485       0.99962     0.0264843       1.51191    -0.0034928    -0.0265118      0.999642       1.01718
     0.999952    0.00914765    0.00351308      0.108376   -0.00923642      0.999616      0.026143        1.6103   -0.00327258    -0.0261742      0.999652      0.993522
     0.999955    0.00884025    0.00351203      0.097837   -0.00893072      0.999605     0.0266376       1.57669   -0.00327516    -0.0266678      0.999639      0.974546
     0.999954    0.00891536     0.0035657     0.0883885   -0.00900849      0.999594     0.0270157       1.58458    -0.0033234    -0.0270465      0.999629      0.977162
     0.999953    0.00909735    0.00326143     0.0834552   -0.00918263      0.999589     0.0271648       1.58775   -0.00301296    -0.0271935      0.999626       1.00363
     0.999951    0.00927525    0.00334174      0.083473   -0.00936319      0.999582      0.027338       1.59826   -0.00308678     -0.027368      0.999621      0.990245
     0.999951    0.00937022    0.00326495     0.0819413   -0.00945601      0.999582     0.0273339       1.62089   -0.00300746    -0.0273635      0.999621       1.03138
      0.99995    0.00944159     0.0032409     0.0752047   -0.00952599      0.999587     0.0270971       1.60078   -0.00298373    -0.0271266      0.999628       1.03355
      0.99995    0.00950775    0.00306074     0.0682175   -0.00958815      0.999578     0.0274221        1.6166   -0.00279872    -0.0274501      0.999619       1.01449
     0.999949    0.00961973    0.00307349      0.063821   -0.00970018      0.999579     0.0273298       1.63408   -0.00280929    -0.0273582      0.999622      0.999077
     0.999951    0.00943135    0.00308644     0.0693957    -0.0095119      0.999584     0.0272143       1.59183   -0.00282849    -0.0272423      0.999625       1.04115
     0.999948    0.00971961    0.00313063     0.0747145   -0.00980279      0.999567      0.027752       1.62552   -0.00285954    -0.0277813       0.99961       1.03127
      0.99995    0.00941057    0.00329417     0.0848224   -0.00949878      0.999566     0.0278711       1.64036   -0.00303046     -0.027901      0.999606       1.00418
     0.999952    0.00914152    0.00356062     0.0956495   -0.00923427      0.999594     0.0269694        1.5887   -0.00331263     -0.027001       0.99963      0.997819
      0.99995    0.00949982    0.00315994     0.0789327   -0.00958358      0.999572      0.027642       1.63526   -0.00289599    -0.0276709      0.999613        1.0476
     0.999948    0.00967433    0.00312183     0.0754223   -0.00975752      0.999565     0.0278333       1.63529    -0.0028512    -0.0278623      0.999608       1.02971
     0.999947     0.0098061    0.00318794     0.0703059   -0.00988987      0.999575     0.0274189       1.61185   -0.00291772     -0.027449      0.999619       1.03393
     0.999947    0.00970359    0.00330956     0.0730996   -0.00979011      0.999582     0.0272143        1.6149    -0.0030441    -0.0272452      0.999624        1.0576
     0.999948    0.00970888    0.00312069     0.0720793   -0.00979196      0.999565     0.0278136       1.60812    -0.0028493    -0.0278427      0.999608       1.04369
     0.999949    0.00964242    0.00300442     0.0761753   -0.00972059      0.999583     0.0271915       1.60942   -0.00274098    -0.0272193      0.999626        1.0699
     0.999945    0.00991097    0.00331405     0.0874761   -0.00999827      0.999573      0.027455       1.62267   -0.00304053    -0.0274866      0.999618       1.06488
